1;1;1;null
2;1;2;340000
3;1;3;18
4;1;4;0,680396379352978
5;1;5;10212
6;1;6;US
7;1;7;1957-04-10
8;1;8;0
9;1;9;96
10;1;10;en
11;1;11;8,1
12;1;12;554
13;1;13;4958/5248/39816/5249/5251/1936/5247/5250
14;1;14;null
15;1;15;39996
16;1;16;5261
17;1;17;5262
18;1;18;4958/5246
19;1;19;5260/5265
20;1;20;5246/5246
21;1;21;5263
22;1;22;null
23;1;23;null
24;2;1;4438
25;2;2;10500000
26;2;3;12/9648/878
27;2;4;1,47841136955759
28;2;5;8411/385
29;2;6;GB/US
30;2;7;1968-04-05
31;2;8;56715371
32;2;9;149
33;2;10;en/ru
34;2;11;7,3
35;2;12;707
36;2;13;245/253/246/247/248/249/250/251
37;2;14;null
38;2;15;240
39;2;16;243
40;2;17;244
41;2;18;2288/240/257
42;2;19;254/255
43;2;20;240/241/241
44;2;21;986346/1125548/12510/957776/26872/1390333
45;2;22;9402/18758
46;2;23;null
47;3;1;null
48;3;2;9000000
49;3;3;35/18/10749
50;3;4;0,338619349699524
51;3;5;3781
52;3;6;IN
53;3;7;2009-12-25
54;3;8;70000000
55;3;9;170
56;3;10;hi
57;3;11;7,7
58;3;12;485
59;3;13;52763/37233/85519/53674/35779/99711/169201
60;3;14;null
61;3;15;85675
62;3;16;null
63;3;17;85675
64;3;18;99710
65;3;19;null
66;3;20;85675
67;3;21;null
68;3;22;null
69;3;23;null
70;4;1;null
71;4;2;60000000
72;4;3;18/10749
73;4;4;0,703824859472019
74;4;5;33/27/23
75;4;6;US
76;4;7;2001-12-12
77;4;8;313542341
78;4;9;135
79;4;10;en
80;4;11;7,1
81;4;12;699
82;4;13;934/228/6161/290/6162/6163/6164/6165
83;4;14;null
84;4;15;6159
85;4;16;151
86;4;17;6189/6190
87;4;18;339/6159/6184/5283/6185/6186/6187/6188/2874/3275
88;4;19;1729
89;4;20;6160/5575/6160
90;4;21;548/4187/6191
91;4;22;null
92;4;23;null
93;5;1;null
94;5;2;2200000
95;5;3;18
96;5;4;1,31700500264704
97;5;5;88/6194
98;5;6;GB/US
99;5;7;1971-12-18
100;5;8;26589000
101;5;9;136
102;5;10;en
103;5;11;7,2
104;5;12;718
105;5;13;56890/2264/2265/2267/2268/2270/2271/2272
106;5;14;null
107;5;15;240
108;5;16;2286
109;5;17;8424
110;5;18;240/2288/14896/976789
111;5;19;2284
112;5;20;240/2262
113;5;21;568911
114;5;22;null
115;5;23;null
116;6;1;null
117;6;2;1800000
118;6;3;18
119;6;4;0,208035223906478
120;6;5;174
121;6;6;US
122;6;7;1951-09-18
123;6;8;8000000
124;6;9;125
125;6;10;en
126;6;11;6,8
127;6;12;16
128;6;13;10538/3084/10539/9857/3143/2757/10540/10541
129;6;14;null
130;6;15;2746
131;6;16;10537
132;6;17;2766
133;6;18;10535
134;6;19;10536/8722
135;6;20;3634/3634/10533
136;6;21;8506/4126
137;6;22;null
138;6;23;null
139;7;1;8091
140;7;2;11000000
141;7;3;28/27/878/53
142;7;4;1,98778391539624
143;7;5;19747/11865
144;7;6;GB/US
145;7;7;1979-05-25
146;7;8;104931801
147;7;9;117
148;7;10;en/es
149;7;11;7,2
150;7;12;1501
151;7;13;10205/4139/5047/5048/5049/65/5050/5051
152;7;14;null
153;7;15;578
154;7;16;5055/1378839
155;7;17;5056/5057/1378836
156;7;18;5053/915/1723/5054/5046/23349/668
157;7;19;1760/5062/1378837
158;7;20;5045/5046
159;7;21;4616/5058/5058/5059/5060/9136/1378834
160;7;22;9402/1378835/1378838
161;7;23;null
162;8;1;null
163;8;2;1400000
164;8;3;18
165;8;4;0,224800595827377
166;8;5;306
167;8;6;US
168;8;7;1950-10-02
169;8;8;8400000
170;8;9;138
171;8;10;fr/en
172;8;11;7,5
173;8;12;21
174;8;13;3380/10606/3361/10607/10608/10609/10610/10611
175;8;14;null
176;8;15;10601
177;8;16;10602
178;8;17;10603
179;8;18;8502
180;8;19;8503/10605
181;8;20;10601/1102213
182;8;21;10604/8508/9587
183;8;22;null
184;8;23;null
185;9;1;null
186;9;2;1250000
187;9;3;28/18/36/10752
188;9;4;0,416407066602732
189;9;5;42
190;9;6;US
191;9;7;1930-04-21
192;9;8;0
193;9;9;133
194;9;10;de/en/fr/la
195;9;11;7,4
196;9;12;22
197;9;13;2007/2008/2009/2010/2011/2012/2013/2014
198;9;14;null
199;9;15;2000
200;9;16;2005/70
201;9;17;2006/1552/31764
202;9;18;1557
203;9;19;2085/1102214/30268
204;9;20;2001/2003/2004/67807
205;9;21;null
206;9;22;null
207;9;23;null
208;10;1;null
209;10;2;18000000
210;10;3;18/36/22
211;10;4;0,466159274687047
212;10;5;41/174/5237
213;10;6;US
214;10;7;1984-10-26
215;10;8;51564280
216;10;9;160
217;10;10;de/it/la/en
218;10;11;7
219;10;12;233
220;10;13;1164/3999/4000/4002/4001/4003/4004/4005
221;10;14;null
222;10;15;3974
223;10;16;4008
224;10;17;4009/4010/4011
225;10;18;4006/4007/1310
226;10;19;null
227;10;20;3975/3975
228;10;21;null
229;10;22;null
230;10;23;null
231;11;1;null
232;11;2;15000000
233;11;3;18
234;11;4;0,804463284688813
235;11;5;7293/2721
236;11;6;US
237;11;7;1999-09-14
238;11;8;356296601
239;11;9;122
240;11;10;en
241;11;11;7,2
242;11;12;642
243;11;13;1979/516/2155/8210/8211/2955/2154/8212
244;11;14;null
245;11;15;39
246;11;16;8217
247;11;17;7414/8219
248;11;18;8215/8216/495
249;11;19;153
250;11;20;2152/2152
251;11;21;8220/8221
252;11;22;null
253;11;23;null
254;12;1;null
255;12;2;10000000
256;12;3;18
257;12;4;0,776668693096204
258;12;5;12/11308/924
259;12;6;US
260;12;7;1998-10-30
261;12;8;23875127
262;12;9;119
263;12;10;en
264;12;11;7,6
265;12;12;599
266;12;13;819/820/821/822/823/824/825/826
267;12;14;null
268;12;15;814
269;12;16;814
270;12;17;852/853
271;12;18;816/859
272;12;19;851
273;12;20;818/818
274;12;21;null
275;12;22;null
276;12;23;null
277;13;1;null
278;13;2;2000000
279;13;3;18/53
280;13;4;0,253316225748518
281;13;5;5084/11230
282;13;6;MX
283;13;7;2000-03-14
284;13;8;21000000
285;13;9;154
286;13;10;es
287;13;11;7,4
288;13;12;86
289;13;13;258/259/261/262/263/264/265/266
290;13;14;null
291;13;15;223
292;13;16;275
293;13;17;276/277/223
294;13;18;223/273/1114886/989004/1114887/1114888/69871
295;13;19;278/279
296;13;20;273
297;13;21;null
298;13;22;null
299;13;23;null
300;14;1;null
301;14;2;0
302;14;3;80/18/9648/53
303;14;4;0,248130779340588
304;14;5;799
305;14;6;US
306;14;7;1959-07-01
307;14;8;0
308;14;9;160
309;14;10;en
310;14;11;6,9
311;14;12;22
312;14;13;854/855/856/857/858/860/861/862
313;14;14;null
314;14;15;834
315;14;16;870/881
316;14;17;871
317;14;18;834
318;14;19;858/877/878
319;14;20;844/846
320;14;21;874/3793
321;14;22;null
322;14;23;null
323;15;1;null
324;15;2;4000000
325;15;3;35/18/10749
326;15;4;0,75042552290089
327;15;5;60
328;15;6;US
329;15;7;1977-04-19
330;15;8;38251425
331;15;9;93
332;15;10;de/en
333;15;11;7,5
334;15;12;112
335;15;13;1243/3092/10555/10556/10557/10409/10558/10559
336;15;14;null
337;15;15;1243
338;15;16;3097
339;15;17;10548/6848
340;15;18;6993/6994/10546/3658/1046/3658
341;15;19;null
342;15;20;1243/10439
343;15;21;10441/10442/10549
344;15;22;null
345;15;23;null
346;16;1;null
347;16;2;31500000
348;16;3;10752
349;16;4;0,511413538227218
350;16;5;26663
351;16;6;US
352;16;7;1979-08-15
353;16;8;83471511
354;16;9;153
355;16;10;km/en/fr/vi
356;16;11;7,3
357;16;12;380
358;16;13;8349/3084/3087/2975/8350/8351/8354/3
359;16;14;null
360;16;15;1776
361;16;16;7202
362;16;17;3274/852/154
363;16;18;1776/2870/2871/8330/8331/8333/3170/8337/3176/8344/123
364;16;19;2872/154
365;16;20;8328/1776/8327
366;16;21;2875/794/8339
367;16;22;null
368;16;23;null
369;17;1;null
370;17;2;1120175
371;17;3;35/80
372;17;4;0,0711994281718463
373;17;5;6194
374;17;6;US
375;17;7;1944-09-23
376;17;8;0
377;17;9;118
378;17;10;de/en
379;17;11;7,3
380;17;12;70
381;17;13;2638/2670/2669/2672/2437/2094/30537/2667
382;17;14;null
383;17;15;2662
384;17;16;8714
385;17;17;null
386;17;18;2662/2663
387;17;19;3249
388;17;20;2664/2665/2666
389;17;21;null
390;17;22;null
391;17;23;null
392;18;1;264
393;18;2;19000000
394;18;3;12/35/878/10751
395;18;4;1,76575104605987
396;18;5;20448/33/56
397;18;6;US
398;18;7;1985-07-03
399;18;8;381109762
400;18;9;116
401;18;10;en
402;18;11;7,4
403;18;12;2027
404;18;13;521/1062/1063/1064/1065/1066/1067/1068
405;18;14;null
406;18;15;24
407;18;16;1060
408;18;17;1061/38
409;18;18;489/664/488/1058/1059/597/598/752
410;18;19;37
411;18;20;1058/24
412;18;21;6184/1261/596
413;18;22;null
414;18;23;null
415;19;1;null
416;19;2;11000000
417;19;3;18/10749/10752
418;19;4;0,178950913051697
419;19;5;88/174/11272
420;19;6;GB/US
421;19;7;1975-12-18
422;19;8;20000000
423;19;9;184
424;19;10;de/fr/en
425;19;11;7,2
426;19;12;82
427;19;13;31070/31071/37777/22703/31718/31719/2279/2264
428;19;14;null
429;19;15;240
430;19;16;2286
431;19;17;12685
432;19;18;240/5016/2384
433;19;19;2027
434;19;20;240/31061
435;19;21;null
436;19;22;null
437;19;23;null
438;20;1;263
439;20;2;150000000
440;20;3;28/80/18
441;20;4;2,16643276811598
442;20;5;429/174/9996/923/19231/9993
443;20;6;GB/US
444;20;7;2005-06-15
445;20;8;371853783
446;20;9;140
447;20;10;en/ur/zh
448;20;11;7,1
449;20;12;2847
450;20;13;3894/3895/3896/3897/64/2037/207/192
451;20;14;null
452;20;15;525
453;20;16;559
454;20;17;3904
455;20;18;556/282/511/561/1113
456;20;19;1213/947
457;20;20;3794/525/3893
458;20;21;null
459;20;22;null
460;20;23;null
461;21;1;153010
462;21;2;25000000
463;21;3;16/10751
464;21;4;1,3681236196242
465;21;5;10217/2/10282
466;21;6;US
467;21;7;1991-11-12
468;21;8;377350553
469;21;9;84
470;21;10;fr/en
471;21;11;6,9
472;21;12;888
473;21;13;62050/15048/108055/725/28010/14730/145151/170970
474;21;14;null
475;21;15;62047/62048
476;21;16;null
477;21;17;5721/1115299
478;21;18;12824/62049/7879/12910
479;21;19;15813
480;21;20;38792/15812/12079/59803/1115297/15778/7911/66193/1083425/1115298/1033844/958881
481;21;21;null
482;21;22;null
483;21;23;null
484;22;1;123800
485;22;2;2500000
486;22;3;18/10749
487;22;4;0,281190468491125
488;22;5;98
489;22;6;AT/CH/US
490;22;7;1995-01-27
491;22;8;5535405
492;22;9;105
493;22;10;en/de/fr
494;22;11;7,3
495;22;12;235
496;22;13;569/1146/571/572/573/574/146859/3735
497;22;14;null
498;22;15;564
499;22;16;576
500;22;17;580/582
501;22;18;566/3723/3724
502;22;19;577
503;22;20;564/568
504;22;21;3725
505;22;22;null
506;22;23;null
507;23;1;null
508;23;2;15000000
509;23;3;28/12/18/36
510;23;4;0,651418680199595
511;23;5;8411
512;23;6;US
513;23;7;1959-11-18
514;23;8;90000000
515;23;9;212
516;23;10;en
517;23;11;6,8
518;23;12;141
519;23;13;10017/10018/10019/10020/10021/10022/10023/10025
520;23;14;null
521;23;15;10001/940777
522;23;16;10005
523;23;17;10006/10007
524;23;18;10004/10001/6791/10015/10016
525;23;19;7647
526;23;20;10002/10003/10002
527;23;21;10008/10009/9060/10010
528;23;22;null
529;23;23;null
530;24;1;null
531;24;2;13000000
532;24;3;18/9648/10748/53
533;24;4;0,848436616962148
534;24;5;444/43/10246/7503
535;24;6;US
536;24;7;2010-12-02
537;24;8;327803731
538;24;9;108
539;24;10;en/fr/it
540;24;11;6,6
541;24;12;1124
542;24;13;524/1925/10767/18973/1920/68108/140407/60901
543;24;14;null
544;24;15;6431
545;24;16;4867
546;24;17;38805
547;24;18;9544/21969/1116091/1116092/1116093/20206/20207/7531/18250/20208/1011113/16836/66265/34340/158401/29016/57049/5914
548;24;19;6377
549;24;20;143258/143259/1054633/143259
550;24;21;3287/548849/1328383
551;24;22;null
552;24;23;null
553;25;1;null
554;25;2;28000000
555;25;3;18/878/53
556;25;4;1,68985979087387
557;25;5;5798/7965/6194
558;25;6;GB/HK/US
559;25;7;1982-06-25
560;25;8;32768670
561;25;9;117
562;25;10;en/de/cn/ja/hu
563;25;11;7,6
564;25;12;1077
565;25;13;3/585/586/587/589/590/591/592
566;25;14;null
567;25;15;578
568;25;16;594
569;25;17;600
570;25;18;581/597/598/599
571;25;19;595
572;25;20;583/7191/584
573;25;21;596/601/602/603/4712
574;25;22;null
575;25;23;null
576;26;1;null
577;26;2;72000000
578;26;3;12
579;26;4;0,966002162469257
580;26;5;4564/7965/11353
581;26;6;US
582;26;7;1995-05-24
583;26;8;210000000
584;26;9;177
585;26;10;en/fr/la/gd
586;26;11;7,3
587;26;12;1335
588;26;13;2461/2462/1957/2463/2464/2039/2465/2467
589;26;14;null
590;26;15;2461
591;26;16;2483
592;26;17;2484
593;26;18;2461/2485/2487/2488/151305/142285/8747
594;26;19;1729
595;26;20;2460/2460
596;26;21;7204/15327/1333239/1333240/7791/2486
597;26;22;19291
598;26;23;null
599;27;1;null
600;27;2;6000000
601;27;3;37
602;27;4;0,794711111728197
603;27;5;381/382/306
604;27;6;US
605;27;7;1969-09-23
606;27;8;102308889
607;27;9;110
608;27;10;es/en
609;27;11;6,5
610;27;12;198
611;27;13;3636/4135/9594/8260/5732/9596/9597/9599
612;27;14;null
613;27;15;9577
614;27;16;8217
615;27;17;9582/9584
616;27;18;9578/9579/9585/9589/3636
617;27;19;9580/9591/9592
618;27;20;348
619;27;21;8883/9061/9586/9587
620;27;22;null
621;27;23;null
622;28;1;null
623;28;2;950000
624;28;3;18/10749/10752
625;28;4;0,722749244582445
626;28;5;6194
627;28;6;US
628;28;7;1942-11-26
629;28;8;10462500
630;28;9;102
631;28;10;de/fr/it/en
632;28;11;7,3
633;28;12;375
634;28;13;4110/4111/4112/4113/3001/4114/2094/4116
635;28;14;null
636;28;15;4109
637;28;16;2005
638;28;17;2761
639;28;18;4123/2663
640;28;19;3249/4129
641;28;20;4131/4132/2665/2666/4508/4509
642;28;21;4125/4126
643;28;22;4130
644;28;23;null
645;29;1;null
646;29;2;52000000
647;29;3;80/18
648;29;4;0,44019963725587
649;29;5;33/11583/10898/11584
650;29;6;FR/US
651;29;7;1995-11-22
652;29;8;110400000
653;29;9;178
654;29;10;fr/fa/en
655;29;11;7,4
656;29;12;277
657;29;13;380/4430/4517/4512/7167/7169/7166/7165
658;29;14;null
659;29;15;1032
660;29;16;149
661;29;17;3661
662;29;18;7170/2242/7531
663;29;19;null
664;29;20;1032/7163/7163
665;29;21;2366
666;29;22;null
667;29;23;null
668;30;1;null
669;30;2;3200000
670;30;3;80/18/9648/53
671;30;4;0,358829626583315
672;30;5;4/6226/10208
673;30;6;US
674;30;7;1974-06-20
675;30;8;29200000
676;30;9;130
677;30;10;es/cn/en
678;30;11;7,4
679;30;12;145
680;30;13;514/6450/6593/12295/12296/12297/6587/12298
681;30;14;null
682;30;15;3556
683;30;16;1153/7648
684;30;17;12015
685;30;18;12288/7690/597/598
686;30;19;1760/12294/3106
687;30;20;11057
688;30;21;12017/12291/12292
689;30;22;3457
690;30;23;null
691;31;1;null
692;31;2;3300000
693;31;3;80/18
694;31;4;0,452833932899136
695;31;5;345/346/10954/11444/856/11445/11446
696;31;6;BR/FR
697;31;7;2002-08-30
698;31;8;27387381
699;31;9;130
700;31;10;pt
701;31;11;7,7
702;31;12;458
703;31;13;8595/8596/8597/8598/8599/8600/5659/8601
704;31;14;null
705;31;15;8557
706;31;16;8577
707;31;17;8578
708;31;18;8562/8563/8564/8565/8566/8568/8569/8570/8571/8572/8574/8587/8588
709;31;19;8575/8576
710;31;20;8560/8561/8560
711;31;21;8579
712;31;22;null
713;31;23;8593/8594
714;32;1;null
715;32;2;839727
716;32;3;18
717;32;4;0,390425303575595
718;32;5;6/11447
719;32;6;US
720;32;7;1941-05-01
721;32;8;23217674
722;32;9;119
723;32;10;en
724;32;11;7,4
725;32;12;220
726;32;13;40/11030/7664/11025/11026/11027/11028/11029
727;32;14;null
728;32;15;40
729;32;16;8504
730;32;17;1744
731;32;18;40/11034/11035
732;32;19;1045
733;32;20;40/30012/1040011/11783/1117970
734;32;21;11036
735;32;22;3252
736;32;23;null
737;33;1;null
738;33;2;1500000
739;33;3;35/18/10749
740;33;4;0,289999153415086
741;33;5;1315
742;33;6;US
743;33;7;1931-01-30
744;33;8;19181
745;33;9;87
746;33;10;en
747;33;11;7,9
748;33;12;54
749;33;13;13848/13852/13853/13854/13855/13856
750;33;14;null
751;33;15;13848
752;33;16;13849/14020
753;33;17;13848/14021
754;33;18;13855/13848
755;33;19;13851/13848
756;33;20;13848/1120772/147963
757;33;21;null
758;33;22;null
759;33;23;null
760;34;1;null
761;34;2;0
762;34;3;80/18
763;34;4;0,274055925802055
764;34;5;11496
765;34;6;US
766;34;7;1967-11-01
767;34;8;16217773
768;34;9;126
769;34;10;en
770;34;11;7,1
771;34;12;59
772;34;13;3636/12950/8962/13869/5048/2778/13871/13872
773;34;14;null
774;34;15;13859
775;34;16;8217
776;34;17;12015
777;34;18;5053/13862
778;34;19;9217/13867
779;34;20;13860/13861/13860
780;34;21;13864/13865
781;34;22;null
782;34;23;null
783;35;1;1570
784;35;2;28000000
785;35;3;28/53
786;35;4;1,81897585325874
787;35;5;25/1073/840
788;35;6;US
789;35;7;1988-07-14
790;35;8;138708852
791;35;9;131
792;35;10;en/de/it
793;35;11;6,9
794;35;12;1790
795;35;13;62/4566/7672/7673/7674/7675/7676/7677
796;35;14;null
797;35;15;1090
798;35;16;2209
799;35;17;1099/7715
800;35;18;7681/1093/7713/1091/1097
801;35;19;7714
802;35;20;7670/7671/1726
803;35;21;7716/7717/7718
804;35;22;null
805;35;23;null
806;36;1;null
807;36;2;30000000
808;36;3;28/878/53
809;36;4;0,855493162595668
810;36;5;559/8504/11/8582/20667/2300/20668/12200/11029/10884
811;36;6;CA/NZ/US/ZA
812;36;7;2009-08-13
813;36;8;204837324
814;36;9;112
815;36;10;af/ny/ru/st/xh/zu/en
816;36;11;6,8
817;36;12;943
818;36;13;82191/82193/97599/230818/1086505/3495/53087/240024
819;36;14;null
820;36;15;82194
821;36;16;967026
822;36;17;62907
823;36;18;108/72102/82196/82197/18383/3506/1272983/1133500
824;36;19;62908
825;36;20;82195/82194
826;36;21;1317/958587/13086/967459
827;36;22;null
828;36;23;null
829;37;1;null
830;37;2;100000000
831;37;3;18/37
832;37;4;2,68203317787363
833;37;5;308/5
834;37;6;US
835;37;7;2012-12-25
836;37;8;162805434
837;37;9;165
838;37;10;en/fr/de
839;37;11;7,3
840;37;12;4739
841;37;13;134/27319/6193/11703/2231/27740/27770/1736
842;37;14;null
843;37;15;138
844;37;16;149
845;37;17;58194
846;37;18;68215/1003189/5382/59839/1307/4701/5381/963669/547
847;37;19;null
848;37;20;138
849;37;21;13304/18867/14349/966594/19157
850;37;22;null
851;37;23;null
852;38;1;null
853;38;2;0
854;38;3;80/18/53
855;38;4;0,182164526740178
856;38;5;6194/612
857;38;6;US
858;38;7;1975-09-21
859;38;8;46665856
860;38;9;125
861;38;10;en
862;38;11;7,2
863;38;12;118
864;38;13;1158/3096/1466/14541/14542/14543/14544/14545
865;38;14;null
866;38;15;39996
867;38;16;14536
868;38;17;6453
869;38;18;1151/14535/3658/7185/14538
870;38;19;null
871;38;20;13861
872;38;21;14539/14540/10442
873;38;22;null
874;38;23;null
875;39;1;178106
876;39;2;4500000
877;39;3;18/14/9648
878;39;4;0,824801643612179
879;39;5;185/2214/3334
880;39;6;US
881;39;7;2001-10-26
882;39;8;1270522
883;39;9;113
884;39;10;en
885;39;11;7,3
886;39;12;636
887;39;13;131/723/69597/1579/1578/1580/1581/1582
888;39;14;null
889;39;15;1577
890;39;16;1590
891;39;17;1591/1592
892;39;18;1586/1587/1588/1593/1594/69597
893;39;19;1589/1596/1597
894;39;20;1577
895;39;21;9648
896;39;22;null
897;39;23;null
898;40;1;null
899;40;2;927262
900;40;3;18/9648/53/10753
901;40;4;0,264634675000922
902;40;5;4
903;40;6;US
904;40;7;1944-09-06
905;40;8;0
906;40;9;107
907;40;10;en
908;40;11;6,9
909;40;12;52
910;40;13;4091/14974/13566/14975/14976/14977/14978/14979
911;40;14;null
912;40;15;3146
913;40;16;8620
914;40;17;null
915;40;18;14972/3450
916;40;19;7647
917;40;20;14971/3146/12493
918;40;21;8622/5188/14973
919;40;22;null
920;40;23;null
921;41;1;null
922;41;2;1800000
923;41;3;35/18/10752
924;41;4;0,587489615506195
925;41;5;441/88
926;41;6;GB/US
927;41;7;1964-01-29
928;41;8;9164370
929;41;9;95
930;41;10;en
931;41;11;7,6
932;41;12;314
933;41;13;12446/862/3088/4966/14253/6600/15152/126354
934;41;14;null
935;41;15;240
936;41;16;7753
937;41;17;12009
938;41;18;240/257/14251
939;41;19;14252
940;41;20;240/8950/14250/14250
941;41;21;9869
942;41;22;null
943;41;23;null
944;42;1;null
945;42;2;19000000
946;42;3;18/14/10752
947;42;4;0,607087072809155
948;42;5;11628/2029/2674/7470/12231
949;42;6;ES/MX
950;42;7;2006-05-27
951;42;8;83258226
952;42;9;118
953;42;10;es
954;42;11;7,4
955;42;12;683
956;42;13;16970/16971/16972/17005/17006/3813/17007/592709
957;42;14;null
958;42;15;10828
959;42;16;3113
960;42;17;16984
961;42;18;10828/3629/16999/11218/17000/17001/13230/17002/17003
962;42;19;16992/16993/16994/17004
963;42;20;10828/16996
964;42;21;16985/16995
965;42;22;16989/16990/16991/16997/16998
966;42;23;null
967;43;1;null
968;43;2;20000000
969;43;3;18/878/10749
970;43;4;0,830589335755832
971;43;5;10146/10039/10059
972;43;6;US
973;43;7;2004-03-19
974;43;8;72000000
975;43;9;108
976;43;10;en
977;43;11;7,5
978;43;12;737
979;43;13;206/204/109/103/205/207/208/209
980;43;14;null
981;43;15;201
982;43;16;313/4340
983;43;17;4475
984;43;18;321/322
985;43;19;312
986;43;20;202/202/201/222/201/222
987;43;21;null
988;43;22;null
989;43;23;null
990;44;1;null
991;44;2;0
992;44;3;18/14/9648
993;44;4;0,169353578214974
994;44;5;7445/7446/7448/3221
995;44;6;DE/FR/SE
996;44;7;1982-12-17
997;44;8;4971340
998;44;9;188
999;44;10;de/en/sv/yi
1000;44;11;6,4
1001;44;12;19
1002;44;13;3857/46866/38127/46864/46865/46867/46868/3853
1003;44;14;null
1004;44;15;6648
1005;44;16;11905
1006;44;17;46871
1007;44;18;47061
1008;44;19;46870/46872/46873/46874/46875
1009;44;20;6648/6648
1010;44;21;46877/5996
1011;44;22;null
1012;44;23;null
1013;45;1;null
1014;45;2;7000000
1015;45;3;80/18/53
1016;45;4;0,619966799230125
1017;45;5;1382/10163
1018;45;6;US
1019;45;7;1996-04-05
1020;45;8;60611975
1021;45;9;98
1022;45;10;en
1023;45;11;7,3
1024;45;12;370
1025;45;13;3905/3910/884/53/3906/3907/3908/3909
1026;45;14;null
1027;45;15;1223/1224
1028;45;16;151
1029;45;17;1224/1223
1030;45;18;1224/1227
1031;45;19;1225
1032;45;20;1223/1224
1033;45;21;14348/1226/9649
1034;45;22;null
1035;45;23;null
1036;46;1;null
1037;46;2;1300000
1038;46;3;18
1039;46;4;0,0109897079524862
1040;46;5;155/156/3221
1041;46;6;DK/SE
1042;46;7;1998-05-20
1043;46;8;0
1044;46;9;105
1045;46;10;da/de/en
1046;46;11;8,3
1047;46;12;26
1048;46;13;4455/4456/4457/4458/4459/4460/4461/4462
1049;46;14;null
1050;46;15;4453
1051;46;16;1570
1052;46;17;4475
1053;46;18;4476/4477/1559/1560
1054;46;19;4474/4479
1055;46;20;4453/4454
1056;46;21;null
1057;46;22;4478
1058;46;23;null
1059;47;1;null
1060;47;2;63000000
1061;47;3;18
1062;47;4;1,26108512430237
1063;47;5;25/711/508
1064;47;6;DE/US
1065;47;7;1999-10-14
1066;47;8;100853753
1067;47;9;139
1068;47;10;en
1069;47;11;7,7
1070;47;12;3148
1071;47;13;819/287/1283/7470/7499/7471/7497/7498
1072;47;14;null
1073;47;15;7467
1074;47;16;7479
1075;47;17;7480
1076;47;18;7474/7475/1254/7481
1077;47;19;7477/7478/7763/7764
1078;47;20;7469/7468
1079;47;21;1303
1080;47;22;null
1081;47;23;null
1082;48;1;137697
1083;48;2;94000000
1084;48;3;12/16/35/10751
1085;48;4;1,14318618528128
1086;48;5;2/3
1087;48;6;US
1088;48;7;2003-05-30
1089;48;8;864625978
1090;48;9;100
1091;48;10;en
1092;48;11;7,1
1093;48;12;2095
1094;48;13;13/14/12/5293/18/19/6168/17401
1095;48;14;null
1096;48;15;7/8
1097;48;16;null
1098;48;17;12914
1099;48;18;9/7879
1100;48;19;153
1101;48;20;7/10/11/7/10/11
1102;48;21;null
1103;48;22;null
1104;48;23;null
1105;49;1;null
1106;49;2;55000000
1107;49;3;35/18/10749
1108;49;4;1,43211367055985
1109;49;5;4
1110;49;6;US
1111;49;7;1994-06-22
1112;49;8;679400000
1113;49;9;142
1114;49;10;en
1115;49;11;7,7
1116;49;12;2365
1117;49;13;31/35/32/34/33/37821/204997/9640
1118;49;14;null
1119;49;15;24
1120;49;16;36
1121;49;17;38
1122;49;18;2242/28/29/30
1123;49;19;37
1124;49;20;26/27/26/27
1125;49;21;null
1126;49;22;null
1127;49;23;null
1128;50;1;null
1129;50;2;17000000
1130;50;3;18/10752
1131;50;4;1,19989603285225
1132;50;5;385/174
1133;50;6;GB
1134;50;7;1987-05-31
1135;50;8;46357676
1136;50;9;116
1137;50;10;en/vi
1138;50;11;7,4
1139;50;12;544
1140;50;13;8654/2059/7132/8655/8656/8657/3229/8658
1141;50;14;null
1142;50;15;240
1143;50;16;8306
1144;50;17;3961
1145;50;18;240/8644/8643/5016/5020/8651/8652
1146;50;19;8645/5019/8653
1147;50;20;8642/8643/240/8642
1148;50;21;3807/8646/8647/5021/8648
1149;50;22;null
1150;50;23;null
1151;51;1;null
1152;51;2;22000000
1153;51;3;18/36
1154;51;4;0,54052477953809
1155;51;5;502/503/500/501/504
1156;51;6;GB/IN
1157;51;7;1982-11-30
1158;51;8;77737889
1159;51;9;191
1160;51;10;en
1161;51;11;6,9
1162;51;12;157
1163;51;13;2282/11849/11850/693/11851/11852/11853/8349
1164;51;14;null
1165;51;15;4786
1166;51;16;11847/11848
1167;51;17;6491
1168;51;18;4786/11862
1169;51;19;13745/1528
1170;51;20;11845
1171;51;21;5491/6801
1172;51;22;11847
1173;51;23;null
1174;52;1;null
1175;52;2;103000000
1176;52;3;28/12/18
1177;52;4;1,78448659548443
1178;52;5;27/3852/1645/21904/21905/21906/14440
1179;52;6;GB/US
1180;52;7;2000-05-01
1181;52;8;457640427
1182;52;9;155
1183;52;10;en
1184;52;11;7,3
1185;52;12;2099
1186;52;13;934/73421/935/936/194/937/938/939
1187;52;14;null
1188;52;15;578
1189;52;16;null
1190;52;17;950
1191;52;18;929/930/931/949
1192;52;19;947/948
1193;52;20;929/932/933
1194;52;21;945/944
1195;52;22;null
1196;52;23;951
1197;53;1;null
1198;53;2;4000000
1199;53;3;18/10749/10752
1200;53;4;0,412810805251806
1201;53;5;1553/8411
1202;53;6;US
1203;53;7;1939-12-15
1204;53;8;400176459
1205;53;9;238
1206;53;10;en
1207;53;11;6,8
1208;53;12;237
1209;53;13;10538/11492/8725/3383/11493/7642/11494/11495
1210;53;14;null
1211;53;15;9049/14674/10790
1212;53;16;2774/13338
1213;53;17;null
1214;53;18;3248/1123078/1123079
1215;53;19;3249
1216;53;20;11487/11488/86404/4341/82172/20599
1217;53;21;11489/3358/4104
1218;53;22;null
1219;53;23;null
1220;54;1;null
1221;54;2;10000000
1222;54;3;18
1223;54;4;1,13904428601144
1224;54;5;14/2253/23201
1225;54;6;CA/US
1226;54;7;1997-12-05
1227;54;8;225900000
1228;54;9;126
1229;54;10;en
1230;54;11;7,3
1231;54;12;598
1232;54;13;1892/2157/880/1640/6613/1893/6614/6615
1233;54;14;null
1234;54;15;5216
1235;54;16;6626
1236;54;17;950
1237;54;18;2545/6624/6625/1307/59839/5328/3192/4023/6627
1238;54;19;531/6631
1239;54;20;1892/880
1240;54;21;6628/6629/6630
1241;54;22;null
1242;54;23;null
1243;55;1;null
1244;55;2;25000000
1245;55;3;80/18
1246;55;4;0,721793287707784
1247;55;5;174
1248;55;6;US
1249;55;7;1990-09-18
1250;55;8;46836394
1251;55;9;146
1252;55;10;en
1253;55;11;7,7
1254;55;12;658
1255;55;13;380/11477/4517/11478/7004/11479/11480/11481
1256;55;14;null
1257;55;15;1032
1258;55;16;3769
1259;55;17;11474/3661
1260;55;18;11472/7170/11473/2242
1261;55;19;null
1262;55;20;7163/7163/1032
1263;55;21;9178/11475/4188
1264;55;22;null
1265;55;23;null
1266;56;1;null
1267;56;2;33000000
1268;56;3;18
1269;56;4;0,758057580334531
1270;56;5;6194/27351/10138/975/171/79/27352
1271;56;6;DE/US
1272;56;7;2008-12-11
1273;56;8;269958228
1274;56;9;116
1275;56;10;en
1276;56;11;7,3
1277;56;12;743
1278;56;13;190/74302/3911/16502/10138/74303/74304/1990
1279;56;14;null
1280;56;15;190
1281;56;16;460
1282;56;17;384/74319
1283;56;18;1484/190/41551/74317/4746/63946/74318/74320/74321/63946
1284;56;19;33525/33526
1285;56;20;74315
1286;56;21;795/65711
1287;56;22;null
1288;56;23;null
1289;57;1;null
1290;57;2;14600000
1291;57;3;35/18/14
1292;57;4;0,711413628541475
1293;57;5;5
1294;57;6;US
1295;57;7;1993-02-11
1296;57;8;70906973
1297;57;9;101
1298;57;10;en/fr/it
1299;57;11;6,9
1300;57;12;457
1301;57;13;1532/1533/1534/537/1535/1537/1538/1539
1302;57;14;null
1303;57;15;1524
1304;57;16;1527
1305;57;17;1531
1306;57;18;1525/1524/1530/7690
1307;57;19;1528/118944/14382/118945
1308;57;20;1526/1524/1526/1526/1524/1530
1309;57;21;1529/2026/21729
1310;57;22;118943/72258
1311;57;23;null
1312;58;1;1241
1313;58;2;125000000
1314;58;3;12/14/10751
1315;58;4;2,01607515046323
1316;58;5;20478/6194/7364
1317;58;6;US
1318;58;7;2011-07-07
1319;58;8;1327817822
1320;58;9;130
1321;58;10;en
1322;58;11;7,3
1323;58;12;2036
1324;58;13;10980/10989/10990/4566/10978/1283/7056/1923
1325;58;14;null
1326;58;15;11343
1327;58;16;16732
1328;58;17;11345
1329;58;18;65614/11295
1330;58;19;2949
1331;58;20;10967/10966
1332;58;21;5491
1333;58;22;null
1334;58;23;null
1335;59;1;null
1336;59;2;0
1337;59;3;35/18
1338;59;4;0,525380382456424
1339;59;5;10330
1340;59;6;US
1341;59;7;1950-10-13
1342;59;8;0
1343;59;9;104
1344;59;10;en
1345;59;11;7,8
1346;59;12;14
1347;59;13;854/2667/70492/15978/30228/130063/93664/96239
1348;59;14;null
1349;59;15;33064
1350;59;16;3637
1351;59;17;8715
1352;59;18;457566
1353;59;19;30104
1354;59;20;70494/70494/70495/70496
1355;59;21;null
1356;59;22;null
1357;59;23;null
1358;60;1;null
1359;60;2;60000000
1360;60;3;28/80/18/53
1361;60;4;0,649156601693205
1362;60;5;174/508
1363;60;6;US
1364;60;7;1995-12-15
1365;60;8;187436818
1366;60;9;171
1367;60;10;en/es
1368;60;11;7,1
1369;60;12;451
1370;60;13;1158/380/5576/10127/3197/6200/15851/15852
1371;60;14;null
1372;60;15;638
1373;60;16;11099
1374;60;17;15840/15841/15842/1047
1375;60;18;1254/638/897
1376;60;19;5581/1305/14765
1377;60;20;638
1378;60;21;11411/15843/13677
1379;60;22;15847/15848/13458/15850
1380;60;23;15849
1381;61;1;null
1382;61;2;750000
1383;61;3;37
1384;61;4;0,24082298443122
1385;61;5;893/60
1386;61;6;US
1387;61;7;1952-07-24
1388;61;8;8000000
1389;61;9;85
1390;61;10;en
1391;61;11;7
1392;61;12;41
1393;61;13;4068/4070/3383/2177/4069/4071/4072/4073
1394;61;14;null
1395;61;15;4065
1396;61;16;4083
1397;61;17;2108/4167
1398;61;18;4066/4081
1399;61;19;4082/4088/4092
1400;61;20;4066/4067
1401;61;21;4085/4086/4087
1402;61;22;null
1403;61;23;null
1404;62;1;null
1405;62;2;17500000
1406;62;3;18/36/10752
1407;62;4;0,267859360891258
1408;62;5;7495/60/35/564/2760/19834/11912/1205
1409;62;6;CA/GB/IT/US/ZA
1410;62;7;2004-09-11
1411;62;8;38000000
1412;62;9;121
1413;62;10;en/fr
1414;62;11;6,8
1415;62;12;160
1416;62;13;1896/1733/2598/73421/1003/2599/2600/2601
1417;62;14;null
1418;62;15;2589
1419;62;16;2596
1420;62;17;2597
1421;62;18;1788/2591/2621/2623/2624
1422;62;19;2593/2622/20648
1423;62;20;2590/2589/2590/2589
1424;62;21;2625/2626
1425;62;22;null
1426;62;23;null
1427;63;1;89137
1428;63;2;165000000
1429;63;3;12/16/14/10751
1430;63;4;1,70447776755701
1431;63;5;521/20154/829
1432;63;6;US
1433;63;7;2010-03-10
1434;63;8;494878759
1435;63;9;98
1436;63;10;en
1437;63;11;7,2
1438;63;12;1839
1439;63;13;449/17276/24264/59174/21007/54691/51990/41091
1440;63;14;null
1441;63;15;69797/66193
1442;63;16;null
1443;63;17;null
1444;63;18;12894/138616/52870
1445;63;19;11098/42267/42267/42267/138617/138618
1446;63;20;64150/138615/69797/66193
1447;63;21;null
1448;63;22;null
1449;63;23;null
1450;64;1;48317
1451;64;2;1200000
1452;64;3;28/12/37
1453;64;4;0,719801184805187
1454;64;5;47/60/3635/5755/7508
1455;64;6;DE/ES/IT
1456;64;7;1966-12-23
1457;64;8;6000000
1458;64;9;161
1459;64;10;it
1460;64;11;7,6
1461;64;12;813
1462;64;13;3265/190/4078/5813/5814/5815/5816/5817
1463;64;14;null
1464;64;15;4385
1465;64;16;2361
1466;64;17;5821/4670/5822
1467;64;18;5820
1468;64;19;1259
1469;64;20;5810/4385
1470;64;21;null
1471;64;22;null
1472;64;23;null
1473;65;1;null
1474;65;2;13000000
1475;65;3;18
1476;65;4;0,148402255966914
1477;65;5;2307/33
1478;65;6;GB/IE
1479;65;7;1993-12-12
1480;65;8;65796862
1481;65;9;133
1482;65;10;en
1483;65;11;7,7
1484;65;12;31
1485;65;13;11856/7056/4935/28743/53515/53516/1333582/1392738
1486;65;14;null
1487;65;15;53334
1488;65;16;10717
1489;65;17;9163
1490;65;18;53334
1491;65;19;7020
1492;65;20;2589/53334
1493;65;21;17793
1494;65;22;10717
1495;65;23;null
1496;66;1;null
1497;66;2;6800000
1498;66;3;18/9648/10752
1499;66;4;0,332544536437673
1500;66;5;313/7272/7273
1501;66;6;CA/FR
1502;66;7;2010-09-17
1503;66;8;7103838
1504;66;9;130
1505;66;10;fr/ar/en
1506;66;11;7,9
1507;66;12;48
1508;66;13;77498/84573/88592/38526
1509;66;14;null
1510;66;15;137427
1511;66;16;null
1512;66;17;null
1513;66;18;null
1514;66;19;null
1515;66;20;1124448/137427
1516;66;21;null
1517;66;22;970214
1518;66;23;null
1519;67;1;null
1520;67;2;160000000
1521;67;3;28/12/9648/878/53
1522;67;4;1,58993117806744
1523;67;5;6194/923/9996
1524;67;6;US
1525;67;7;2010-07-16
1526;67;8;825532764
1527;67;9;148
1528;67;10;en/ja/fr
1529;67;11;7,6
1530;67;12;6124
1531;67;13;6193/24045/27578/2524/3899/2037/8293/3895
1532;67;14;null
1533;67;15;525
1534;67;16;559
1535;67;17;3904
1536;67;18;525/556/41018/54211/561
1537;67;19;947
1538;67;20;525
1539;67;21;1271644/76054/8705/969743/21984/10958
1540;67;22;null
1541;67;23;null
1542;68;1;84
1543;68;2;48000000
1544;68;3;28/12
1545;68;4;1,59608013668465
1546;68;5;4/1
1547;68;6;US
1548;68;7;1989-05-24
1549;68;8;474171806
1550;68;9;127
1551;68;10;de/el/en
1552;68;11;7,2
1553;68;12;1233
1554;68;13;3/738/656/739/655/740/741/742
1555;68;14;null
1556;68;15;488
1557;68;16;666
1558;68;17;493/1
1559;68;18;711/1/664/735/750/598/751/752
1560;68;19;491/670
1561;68;20;648/737/1
1562;68;21;715
1563;68;22;664/83791
1564;68;23;null
1565;69;1;58588
1566;69;2;0
1567;69;3;28/80/18/9648/53
1568;69;4;0,446724638255413
1569;69;5;5552
1570;69;6;HK
1571;69;7;2002-12-12
1572;69;8;0
1573;69;9;101
1574;69;10;cn
1575;69;11;7,6
1576;69;12;193
1577;69;13;25246/1337/66717/26724/72730/86318/20372/78869
1578;69;14;null
1579;69;15;66718/65994
1580;69;16;1357/12668
1581;69;17;21905
1582;69;18;65994
1583;69;19;21903
1584;69;20;66719/66718
1585;69;21;null
1586;69;22;null
1587;69;23;null
1588;70;1;null
1589;70;2;70000000
1590;70;3;28/18/53/10752
1591;70;4;1,27463745402092
1592;70;5;33/59/6817/6818/7289
1593;70;6;DE/US
1594;70;7;2009-08-21
1595;70;8;319131050
1596;70;9;153
1597;70;10;de/en/fr/it
1598;70;11;7,4
1599;70;12;1724
1600;70;13;287/27319/19119/9824/12073/17288/2231/16847
1601;70;14;null
1602;70;15;138
1603;70;16;149
1604;70;17;156
1605;70;18;4222/16932/1011188/3686/2545/286/16849/1307/59839
1606;70;19;null
1607;70;20;138
1608;70;21;5779
1609;70;22;null
1610;70;23;null
1611;71;1;null
1612;71;2;15000000
1613;71;3;12/18
1614;71;4;0,364482607144628
1615;71;5;1246/838/8769/41051
1616;71;6;US
1617;71;7;2007-09-20
1618;71;8;37682065
1619;71;9;148
1620;71;10;da/en
1621;71;11;7,5
1622;71;12;519
1623;71;13;46593/4726/227/20089/46594/2229/4937/37917
1624;71;14;null
1625;71;15;2228
1626;71;16;18494
1627;71;17;13227
1628;71;18;2228/1254/46588
1629;71;19;19016/46590/46591
1630;71;20;2228/46587
1631;71;21;12131/46592
1632;71;22;null
1633;71;23;null
1634;72;1;null
1635;72;2;13000000
1636;72;3;35/18
1637;72;4;1,38318707918982
1638;72;5;7038
1639;72;6;FR
1640;72;7;2011-11-02
1641;72;8;0
1642;72;9;112
1643;72;10;en/fr
1644;72;11;8
1645;72;12;1190
1646;72;13;33161/78423/19370/219708/2411/26107/581728/581729
1647;72;14;null
1648;72;15;84425/84426
1649;72;16;50517
1650;72;17;1031921
1651;72;18;94909/142982/937260/1015894
1652;72;19;70526
1653;72;20;84425/84426/1031923
1654;72;21;16734
1655;72;22;null
1656;72;23;null
1657;73;1;null
1658;73;2;325000
1659;73;3;35/10749
1660;73;4;0,273053581801699
1661;73;5;5
1662;73;6;US
1663;73;7;1934-02-22
1664;73;8;0
1665;73;9;105
1666;73;10;en
1667;73;11;7,6
1668;73;12;37
1669;73;13;11492/30155/30156/30157/30158/8729/29263/30159
1670;73;14;null
1671;73;15;2662
1672;73;16;17761
1673;73;17;30154
1674;73;18;2662/29341/29341
1675;73;19;29276/14283
1676;73;20;19019/1123346
1677;73;21;29345
1678;73;22;null
1679;73;23;null
1680;74;1;null
1681;74;2;3180000
1682;74;3;18/14/10751
1683;74;4;1,18794597505152
1684;74;5;11770
1685;74;6;US
1686;74;7;1946-12-30
1687;74;8;6600000
1688;74;9;130
1689;74;10;en
1690;74;11;7,1
1691;74;12;233
1692;74;13;854/17752/17753/3383/7666/17755/17759/4303
1693;74;14;null
1694;74;15;2662
1695;74;16;14431/17761
1696;74;17;17762
1697;74;18;2662
1698;74;19;4082
1699;74;20;17760/26159/26160/2662
1700;74;21;17763
1701;74;22;82172/13267
1702;74;23;null
1703;75;1;null
1704;75;2;3800000
1705;75;3;18
1706;75;4;1,04291328976322
1707;75;5;76
1708;75;6;DK
1709;75;7;2012-10-25
1710;75;8;16800000
1711;75;9;115
1712;75;10;da/pl/en
1713;75;11;7,9
1714;75;12;171
1715;75;13;1019/92416/4457/6122/588175/47156/1034508/1112385
1716;75;14;null
1717;75;15;4453
1718;75;16;234892
1719;75;17;23332/69018
1720;75;18;1015/1560/4453
1721;75;19;73486
1722;75;20;4453/141883
1723;75;21;1293422/1293423
1724;75;22;null
1725;75;23;null
1726;76;1;2366
1727;76;2;7000000
1728;76;3;12/27/53
1729;76;4;0,653466076001603
1730;76;5;1865/33
1731;76;6;US
1732;76;7;1975-06-19
1733;76;8;470654000
1734;76;9;124
1735;76;10;en
1736;76;11;7
1737;76;12;497
1738;76;13;6355/8606/3037/8607/8608/8555/8609/8610
1739;76;14;null
1740;76;15;488
1741;76;16;2287
1742;76;17;8556
1743;76;18;5322/1297
1744;76;19;491/8582
1745;76;20;8554/8555/8554
1746;76;21;8558/796/8573
1747;76;22;8586/8591
1748;76;23;null
1749;77;1;328
1750;77;2;63000000
1751;77;3;12/878
1752;77;4;2,6768292612968
1753;77;5;33/56
1754;77;6;US
1755;77;7;1993-06-08
1756;77;8;920100000
1757;77;9;127
1758;77;10;en/es
1759;77;11;6,9
1760;77;12;1612
1761;77;13;4783/4784/4785/4786/4789/4790/4787/4788
1762;77;14;null
1763;77;15;488
1764;77;16;1060
1765;77;17;493
1766;77;18;489/2211/2874/3275/45762
1767;77;19;491
1768;77;20;4782/4782/508
1769;77;21;496
1770;77;22;null
1771;77;23;null
1772;78;1;null
1773;78;2;1000000
1774;78;3;28/12/16/14/878
1775;78;4;0,477907474378673
1776;78;5;10342/11846/12516/1779/29
1777;78;6;JP
1778;78;7;1984-03-11
1779;78;8;3301446
1780;78;9;117
1781;78;10;ja
1782;78;11;7,8
1783;78;12;265
1784;78;13;613/614/615/616/617/618/619/620
1785;78;14;null
1786;78;15;608
1787;78;16;629/630
1788;78;17;632/633/634/608
1789;78;18;627/628/631/631/1131668/1131693/1057917
1790;78;19;635/636
1791;78;20;608/608
1792;78;21;549551
1793;78;22;null
1794;78;23;null
1795;79;1;2883
1796;79;2;55000000
1797;79;3;28/80
1798;79;4;1,30632443406376
1799;79;5;39121/14/59
1800;79;6;JP/US
1801;79;7;2003-10-09
1802;79;8;180949000
1803;79;9;111
1804;79;10;en/ja/fr
1805;79;11;7,1
1806;79;12;1172
1807;79;13;139/140/2535/589/141/2538/2539/147
1808;79;14;null
1809;79;15;138/58809/1389627/1389628
1810;79;16;149/1386920/983118
1811;79;17;156/1352966/1389613/1342658
1812;79;18;2545/3685/3686/1389626/1389629
1813;79;19;3687/150/1389614/548439/548445/1352969/3193/1389624
1814;79;20;138
1815;79;21;6444/5779/61076/551534/1389607/1389608/90505/17117/11801/1389610/1172442/551822/1389611
1816;79;22;16498/1389616/1389621/1389625
1817;79;23;1085258/1389620
1818;80;1;null
1819;80;2;35000000
1820;80;3;80/18/9648/53
1821;80;4;0,313451860761415
1822;80;5;174/508/2428
1823;80;6;US
1824;80;7;1997-09-05
1825;80;8;126216940
1826;80;9;138
1827;80;10;en
1828;80;11;7,2
1829;80;12;316
1830;80;13;1979/529/518/2505/326/934/11064/12122
1831;80;14;null
1832;80;15;323
1833;80;16;11099
1834;80;17;6875
1835;80;18;323/1262/18349/376
1836;80;19;1760
1837;80;20;18862/4723/323
1838;80;21;9269/21747/7237
1839;80;22;null
1840;80;23;null
1841;81;1;null
1842;81;2;15000000
1843;81;3;12/18/36/10752
1844;81;4;0,556970995392052
1845;81;5;5/11356
1846;81;6;GB/US
1847;81;7;1962-12-10
1848;81;8;70000000
1849;81;9;216
1850;81;10;tr/ar/en
1851;81;11;7,2
1852;81;12;238
1853;81;13;11390/12248/5401/10018/5004/4113/14371/12515
1854;81;14;null
1855;81;15;12238
1856;81;16;10079/47846
1857;81;17;6346
1858;81;18;6594/14368/10340
1859;81;19;2704/255
1860;81;20;14367/13317/13267
1861;81;21;13321/6793/14006/6584/1377118/1377119/1377120
1862;81;22;6608/13494/14009/1377121
1863;81;23;null
1864;82;1;null
1865;82;2;120000000
1866;82;3;28/12/18
1867;82;4;1,07768540975702
1868;82;5;711/444/290/13480/10893/289
1869;82;6;GB/TW/US
1870;82;7;2012-11-21
1871;82;8;113525126
1872;82;9;127
1873;82;10;en/fr/hi/ja/ta
1874;82;11;6,9
1875;82;12;2840
1876;82;13;933160/76793/935504/1133846/227849/55062/28847/16927
1877;82;14;null
1878;82;15;1614
1879;82;16;51333
1880;82;17;1635
1881;82;18;25455/42736/2952/20516
1882;82;19;5359
1883;82;20;935501/12996
1884;82;21;5329/935503/960435/8384/54605
1885;82;22;227849
1886;82;23;null
1887;83;1;null
1888;83;2;1350000
1889;83;3;35/80
1890;83;4;0,2066742790618
1891;83;5;146/491/21920/13419/1382
1892;83;6;GB
1893;83;7;1998-03-05
1894;83;8;3897569
1895;83;9;105
1896;83;10;en
1897;83;11;7,2
1898;83;12;756
1899;83;13;973/974/975/976/978/980/982/984
1900;83;14;null
1901;83;15;956
1902;83;16;966
1903;83;17;971
1904;83;18;957/970/956
1905;83;19;959/960
1906;83;20;956
1907;83;21;967/968
1908;83;22;null
1909;83;23;null
1910;84;1;null
1911;84;2;0
1912;84;3;28/80/18/53
1913;84;4;0,338132996356869
1914;84;5;null
1915;84;6;DE
1916;84;7;1931-05-11
1917;84;8;0
1918;84;9;117
1919;84;10;de
1920;84;11;8,1
1921;84;12;73
1922;84;13;2094/12322/12323/12324/79/12325/12326/28068
1923;84;14;null
1924;84;15;68
1925;84;16;9836
1926;84;17;11578
1927;84;18;13902
1928;84;19;12321
1929;84;20;68/157
1930;84;21;12319/12320
1931;84;22;null
1932;84;23;null
1933;85;1;null
1934;85;2;8000000
1935;85;3;16/35/18
1936;85;4;0,137015533984954
1937;85;5;3908
1938;85;6;AU
1939;85;7;2009-04-09
1940;85;8;0
1941;85;9;92
1942;85;10;en/yi
1943;85;11;7,5
1944;85;12;170
1945;85;13;3051/1233/8783/22/92731/92732
1946;85;14;null
1947;85;15;92733
1948;85;16;92740
1949;85;17;63962
1950;85;18;1309225/92735/92736/92737/92738/92741/92739
1951;85;19;92739
1952;85;20;92733
1953;85;21;92733
1954;85;22;null
1955;85;23;null
1956;86;1;null
1957;86;2;9000000
1958;86;3;9648/53
1959;86;4;0,682463929392845
1960;86;5;491/506/598/34446
1961;86;6;US
1962;86;7;2000-10-11
1963;86;8;39723096
1964;86;9;113
1965;86;10;en
1966;86;11;7,6
1967;86;12;921
1968;86;13;529/530/532/534/535/536/537/538
1969;86;14;null
1970;86;15;525
1971;86;16;559
1972;86;17;563
1973;86;18;550/551/554/561
1974;86;19;558/562
1975;86;20;525/527
1976;86;21;560
1977;86;22;null
1978;86;23;null
1979;87;1;null
1980;87;2;92620000
1981;87;3;18/878
1982;87;4;0,642101727633159
1983;87;5;811
1984;87;6;DE
1985;87;7;1927-01-10
1986;87;8;650422
1987;87;9;153
1988;87;10;de
1989;87;11;7,8
1990;87;12;150
1991;87;13;75/73/74/77/78/79/80/81
1992;87;14;null
1993;87;15;68
1994;87;16;70/71/2798
1995;87;17;68
1996;87;18;67
1997;87;19;69
1998;87;20;68/157
1999;87;21;5030/12320/12369/13887
2000;87;22;null
2001;87;23;null
2002;88;1;null
2003;88;2;30000000
2004;88;3;18/9805
2005;88;4;0,40259081652474
2006;88;5;174
2007;88;6;US
2008;88;7;2004-12-14
2009;88;8;216763646
2010;88;9;132
2011;88;10;ga/en
2012;88;11;7,2
2013;88;12;435
2014;88;13;190/448/192/449/450/31713/53650/452
2015;88;14;null
2016;88;15;190
2017;88;16;460
2018;88;17;384
2019;88;18;190/455/68602/457/423
2020;88;19;190/459/375
2021;88;20;455/455
2022;88;21;369/370
2023;88;22;null
2024;88;23;null
2025;89;1;null
2026;89;2;1500000
2027;89;3;35/18
2028;89;4;0,612145850575952
2029;89;5;1315
2030;89;6;US
2031;89;7;1936-02-05
2032;89;8;8500000
2033;89;9;87
2034;89;10;en
2035;89;11;7,9
2036;89;12;220
2037;89;13;13848/14027/14438/30194/30195/13856/30196/13855
2038;89;14;null
2039;89;15;13848
2040;89;16;30192/14020
2041;89;17;14021
2042;89;18;13848
2043;89;19;13848
2044;89;20;13848
2045;89;21;null
2046;89;22;null
2047;89;23;null
2048;90;1;null
2049;90;2;26500000
2050;90;3;12/16/14
2051;90;4;0,731474513599217
2052;90;5;10342
2053;90;6;JP
2054;90;7;1997-07-12
2055;90;8;159375308
2056;90;9;134
2057;90;10;ja
2058;90;11;7,9
2059;90;12;509
2060;90;13;622/20330/20331/20332/20333/20334/613/20335
2061;90;14;null
2062;90;15;608
2063;90;16;19596
2064;90;17;608/1697
2065;90;18;1417/1132621/78360/115943/1057917
2066;90;19;636
2067;90;20;608
2068;90;21;986214/547985/19598/78378/1009730
2069;90;22;null
2070;90;23;null
2071;91;1;137696
2072;91;2;115000000
2073;91;3;16/35/14/10751
2074;91;4;1,04167186578838
2075;91;5;3/2
2076;91;6;US
2077;91;7;2001-11-01
2078;91;8;558523378
2079;91;9;92
2080;91;10;en
2081;91;11;7,1
2082;91;12;2517
2083;91;13;1230/7904/7905/884/5563/7906/10/7907
2084;91;14;null
2085;91;15;8/197/12890
2086;91;16;8134/8135/8138
2087;91;17;7886/7912/8/8065/8066/8065/8067/8068/8069/8070/8071/8072/8073/8074/8075/8076/8079/8080/8081/8154
2088;91;18;7878/7879/7/7901/7902/7903/8142/8147/94028
2089;91;19;7885/10/2216/8157/8158/8159/8160/8163/8164/8168/8172/8173/8174
2090;91;20;7881/7882/7883/7/12890/7884
2091;91;21;7888/7889/7890/7891/7940/7960/7961/7971/7972/7973
2092;91;22;7887/7892/7893/7950/7951/7952/7945/7953/7954/7955/7956/7943/7957/7958/7978/7979/7980/8063/8064/8077/8078/8115/8124/8125/8126/8127/8128/8129/8130/8131/8132/8133/8137/8139/8140/8141/8144/8148/8149/8150/8152/8153/8155/8156/8165/8166
2093;91;23;7896/7897/7942/7943/7944/7945/7946/7947/7948/7949/7925/7927/7962/7963/7964/7965/7883/7881/7966/7967/7968/7918/7969/7970/8009/8010/8011/8023/8024/8025/8026/8027/8028/8013/8029/8030/8015/7929/8012/8031/8032/8033/8018/8034/8019/8020/8035/8036/8037/8038/7995/8039/8040/8021/7996/8041/8042/8043/8044/8045/8046/8047/7998/8048/8017/8049/7999/8050/8051/8052/8053/8054/8055/8056/8057/8058/8059/8061/8062/8082/8083/8084/8085/8086/8087/8088/8089/8090/8091/8092/8093/8094/8095/8096/8097/8098/8087/8099/8100/8101/1140576
2094;92;1;null
2095;92;2;400000
2096;92;3;12/35/14
2097;92;4;0,462851020217634
2098;92;5;416/463/464/465
2099;92;6;GB
2100;92;7;1975-03-13
2101;92;8;5028948
2102;92;9;91
2103;92;10;fr/la/en
2104;92;11;7,4
2105;92;12;498
2106;92;13;10722/8930/10713/383/280/10707/149979/10733
2107;92;14;null
2108;92;15;280/10707
2109;92;16;11292
2110;92;17;11293
2111;92;18;11289/10715/896/10718
2112;92;19;null
2113;92;20;10722/8930/10713/280/10707/383
2114;92;21;11294
2115;92;22;null
2116;92;23;null
2117;93;1;null
2118;93;2;4000000
2119;93;3;35
2120;93;4;0,700348087777185
2121;93;5;146/416
2122;93;6;GB
2123;93;7;1979-08-16
2124;93;8;20045115
2125;93;9;94
2126;93;10;en
2127;93;11;7,4
2128;93;12;372
2129;93;13;10722/8930/280/10713/10707/383/10732/10733
2130;93;14;null
2131;93;15;10707
2132;93;16;10717
2133;93;17;10718
2134;93;18;10715
2135;93;19;10716/10720
2136;93;20;10722/8930/280/10713/10707/383
2137;93;21;280/5058
2138;93;22;null
2139;93;23;10721
2140;94;1;null
2141;94;2;1500000
2142;94;3;18
2143;94;4;0,176952425803136
2144;94;5;5
2145;94;6;US
2146;94;7;1939-10-19
2147;94;8;0
2148;94;9;129
2149;94;10;en
2150;94;11;7,6
2151;94;12;22
2152;94;13;30210/854/4113/30211/30002/3383/8728/17755
2153;94;14;null
2154;94;15;2662
2155;94;16;17761
2156;94;17;30154/117774
2157;94;18;2662
2158;94;19;4082
2159;94;20;30208/30207
2160;94;21;31969
2161;94;22;null
2162;94;23;null
2163;95;1;null
2164;95;2;30000000
2165;95;3;80/18/9648/53
2166;95;4;0,407793522011433
2167;95;5;174/79
2168;95;6;US
2169;95;7;2003-10-08
2170;95;8;90135191
2171;95;9;138
2172;95;10;en
2173;95;11;7,1
2174;95;12;229
2175;95;13;2228/504/4724/4726/4728/4729/4730/4012
2176;95;14;null
2177;95;15;190
2178;95;16;460
2179;95;17;384
2180;95;18;1296/190/4745/4746/423
2181;95;19;190
2182;95;20;4722/4723
2183;95;21;null
2184;95;22;null
2185;95;23;null
2186;96;1;null
2187;96;2;3800000
2188;96;3;18
2189;96;4;0,502404012496267
2190;96;5;8411/60
2191;96;6;US
2192;96;7;1976-11-14
2193;96;8;23689877
2194;96;9;121
2195;96;10;en
2196;96;11;7,6
2197;96;12;40
2198;96;13;6450/8252/29903/3087/66712/13726/66713/1909
2199;96;14;null
2200;96;15;39996
2201;96;16;16331
2202;96;17;853
2203;96;18;11789/66714/1046
2204;96;19;66715
2205;96;20;31498
2206;96;21;20968/41156
2207;96;22;null
2208;96;23;null
2209;97;1;null
2210;97;2;25000000
2211;97;3;80/18/10748/53
2212;97;4;1,0006629868752
2213;97;5;838/14/258/2092
2214;97;6;US
2215;97;7;2007-11-08
2216;97;8;171600000
2217;97;9;122
2218;97;10;en/es
2219;97;11;7,3
2220;97;12;564
2221;97;13;2176/3810/16851/57755/9015/39520/41249/12852
2222;97;14;null
2223;97;15;1223/1224
2224;97;16;151
2225;97;17;1224
2226;97;18;2997/1223/1224/44482/6488/51737/1484
2227;97;19;1225/9619
2228;97;20;1223/1224/51736
2229;97;21;10575
2230;97;22;null
2231;97;23;null
2232;98;1;null
2233;98;2;4000000
2234;98;3;53
2235;98;4;0,441997637718421
2236;98;5;8411
2237;98;6;US
2238;98;7;1959-07-17
2239;98;8;13275000
2240;98;9;136
2241;98;10;en
2242;98;11;7,3
2243;98;12;280
2244;98;13;2638/2639/2091/2640/2649/2745/2643/2642
2245;98;14;null
2246;98;15;2636
2247;98;16;2654
2248;98;17;2655
2249;98;18;2636/2653/2656
2250;98;19;1045/2658/21787
2251;98;20;2637/2637
2252;98;21;2657/9060/552346
2253;98;22;29984/3645
2254;98;23;null
2255;99;1;null
2256;99;2;2000000
2257;99;3;18/10748/10749/10753
2258;99;4;0,207175758679265
2259;99;5;6
2260;99;6;US
2261;99;7;1946-08-15
2262;99;8;8000000
2263;99;9;102
2264;99;10;en
2265;99;11;7,7
2266;99;12;41
2267;99;13;2638/4111/4113/4343/4342/4344/5041/5042
2268;99;14;null
2269;99;15;2636
2270;99;16;4346
2271;99;17;4348
2272;99;18;2636/4362
2273;99;19;4345
2274;99;20;4341/2636/5031
2275;99;21;3255/4349
2276;99;22;4354/3252
2277;99;23;null
2278;100;1;null
2279;100;2;0
2280;100;3;18/10749
2281;100;4;0,434732669680075
2282;100;5;48/7110/10209
2283;100;6;FR/IT
2284;100;7;1988-11-17
2285;100;8;11990401
2286;100;9;155
2287;100;10;it/pt/en
2288;100;11;7,6
2289;100;12;210
2290;100;13;24366/20030/27643/68635/120152/70083/52657/1014911
2291;100;14;null
2292;100;15;65314
2293;100;16;39614
2294;100;17;33790
2295;100;18;2378/68633
2296;100;19;1259
2297;100;20;65314
2298;100;21;null
2299;100;22;null
2300;100;23;null
2301;101;1;null
2302;101;2;910000
2303;101;3;80/18/10748
2304;101;4;0,235217594032917
2305;101;5;388/5
2306;101;6;US
2307;101;7;1954-07-28
2308;101;8;9600000
2309;101;9;108
2310;101;10;en
2311;101;11;8,2
2312;101;12;38
2313;101;13;3084/9857/5248/522/9862/9865/9866/589670
2314;101;14;null
2315;101;15;2746
2316;101;16;5261
2317;101;17;9852
2318;101;18;6594/5259
2319;101;19;9851/9854
2320;101;20;9850/9850
2321;101;21;8506
2322;101;22;1125636
2323;101;23;null
2324;102;1;null
2325;102;2;30000000
2326;102;3;80/18
2327;102;4;1,00258487435305
2328;102;5;7965
2329;102;6;IT/US
2330;102;7;1984-02-17
2331;102;8;0
2332;102;9;229
2333;102;10;fr/it/en
2334;102;11;7,4
2335;102;12;242
2336;102;13;380/4512/4513/4514/4515/4516/4517/4518
2337;102;14;null
2338;102;15;4385
2339;102;16;4674/4675/4676
2340;102;17;4670/4671
2341;102;18;4669/4673/376/3662
2342;102;19;1259/4678
2343;102;20;1344882/234556/69973/32048/4667/4668/4385/50818
2344;102;21;4655/4655
2345;102;22;4656/4657/4658/4659/4660/4661/138247
2346;102;23;null
2347;103;1;null
2348;103;2;3000000
2349;103;3;18
2350;103;4;0,70420691011157
2351;103;5;286
2352;103;6;US
2353;103;7;1975-11-18
2354;103;8;108981275
2355;103;9;133
2356;103;10;en
2357;103;11;7,7
2358;103;12;686
2359;103;13;514/7071/518/7072/7077/1370/1062/68301
2360;103;14;null
2361;103;15;3974
2362;103;16;7067
2363;103;17;7068/3394
2364;103;18;3392/1310/597/598
2365;103;19;7066/7069
2366;103;20;7064/4181/7065
2367;103;21;null
2368;103;22;7070
2369;103;23;null
2370;104;1;null
2371;104;2;12000000
2372;104;3;80/18
2373;104;4;0,438707835303604
2374;104;5;517/599
2375;104;6;US
2376;104;7;1973-12-16
2377;104;8;53267000
2378;104;9;151
2379;104;10;en/es
2380;104;11;7,8
2381;104;12;61
2382;104;13;13565/4483/13263/49356/2516/15666/14062/49357
2383;104;14;null
2384;104;15;13265
2385;104;16;19102
2386;104;17;11997
2387;104;18;34494/40532/13265
2388;104;19;1760
2389;104;20;11993/10931/589579
2390;104;21;null
2391;104;22;null
2392;104;23;null
2393;105;1;null
2394;105;2;0
2395;105;3;18/10752
2396;105;4;0,358388974753887
2397;105;5;611/21
2398;105;6;US
2399;105;7;1957-09-18
2400;105;8;0
2401;105;9;88
2402;105;10;de/la/en
2403;105;11;7,8
2404;105;12;85
2405;105;13;2090/14562/14563/14564/14565/12312/592/2758
2406;105;14;null
2407;105;15;240
2408;105;16;14555
2409;105;17;14556
2410;105;18;240/2090/3349
2411;105;19;3350/14560
2412;105;20;14554/240/10769/3335
2413;105;21;14557
2414;105;22;14561
2415;105;23;null
2416;106;1;48317
2417;106;2;200000
2418;106;3;37
2419;106;4;1,15443791833754
2420;106;5;5755/10481/19498
2421;106;6;DE/ES/IT
2422;106;7;1964-09-12
2423;106;8;14000000
2424;106;9;99
2425;106;10;it/es
2426;106;11;7,2
2427;106;12;179
2428;106;13;190/16309/16310/16311/14276/16312/16313/16314
2429;106;14;null
2430;106;15;4385
2431;106;16;16324/14268
2432;106;17;16325/16326
2433;106;18;16321/16322
2434;106;19;1259
2435;106;20;16319/16320/4385
2436;106;21;null
2437;106;22;null
2438;106;23;null
2439;107;1;null
2440;107;2;0
2441;107;3;18/10769
2442;107;4;0,351451806763521
2443;107;5;6416
2444;107;6;SE
2445;107;7;1966-10-18
2446;107;8;0
2447;107;9;85
2448;107;10;sv
2449;107;11;7,9
2450;107;12;36
2451;107;13;6657/11916/11917/6649/11918
2452;107;14;null
2453;107;15;6648
2454;107;16;11905
2455;107;17;11906
2456;107;18;6648/11909
2457;107;19;11904/11910/11912/11914
2458;107;20;6648
2459;107;21;11907
2460;107;22;null
2461;107;23;null
2462;108;1;295
2463;108;2;140000000
2464;108;3;28/12/14
2465;108;4;1,70075621942585
2466;108;5;130/2
2467;108;6;US
2468;108;7;2003-07-09
2469;108;8;655011224
2470;108;9;143
2471;108;10;en
2472;108;11;7
2473;108;12;2299
2474;108;13;85/118/114/116/1709/2449/8691/378
2475;108;14;null
2476;108;15;1704
2477;108;16;120
2478;108;17;1721/38/1722
2479;108;18;770/1719/1720
2480;108;19;122
2481;108;20;1705/1706/1707/1708/1705/1706
2482;108;21;1718
2483;108;22;1338215
2484;108;23;null
2485;109;1;null
2486;109;2;6000000
2487;109;3;28/18/10752
2488;109;4;0,675388986221092
2489;109;5;41/469
2490;109;6;GB/US
2491;109;7;1986-12-18
2492;109;8;138530565
2493;109;9;120
2494;109;10;en/vi
2495;109;11;7,1
2496;109;12;290
2497;109;13;13022/6952/5293/2178/11885/6863/85/11886
2498;109;14;null
2499;109;15;1152
2500;109;16;149
2501;109;17;11880
2502;109;18;10764/2621/2720/2721/8971/11881/11882
2503;109;19;3535
2504;109;20;1152
2505;109;21;5709/11883
2506;109;22;null
2507;109;23;null
2508;110;1;119674
2509;110;2;806948
2510;110;3;18/27/53
2511;110;4;0,5294940848931
2512;110;5;10717
2513;110;6;US
2514;110;7;1960-06-16
2515;110;8;32000000
2516;110;9;109
2517;110;10;en
2518;110;11;7,4
2519;110;12;367
2520;110;13;7301/7303/7304/7302/1936/53010/14063/78902
2521;110;14;null
2522;110;15;2636
2523;110;16;7305
2524;110;17;2655
2525;110;18;2636
2526;110;19;1045/7309/7310
2527;110;20;7299/7300
2528;110;21;6934/7306/7307
2529;110;22;7311
2530;110;23;null
2531;111;1;null
2532;111;2;8000000
2533;111;3;80/53
2534;111;4;1,67809564437427
2535;111;5;14/59/216
2536;111;6;US
2537;111;7;1994-10-14
2538;111;8;213928762
2539;111;9;154
2540;111;10;en/es/fr
2541;111;11;7,7
2542;111;12;2894
2543;111;13;3129/99/11807/8891/2231/31549/11805/58552
2544;111;14;null
2545;111;15;138
2546;111;16;3115
2547;111;17;156
2548;111;18;2545/518/5381/5382/11799/5507/37334
2549;111;19;null
2550;111;20;138/8297
2551;111;21;5779/11800/11801
2552;111;22;null
2553;111;23;null
2554;112;1;null
2555;112;2;18000000
2556;112;3;18/10757
2557;112;4;0,199016615904479
2558;112;5;60
2559;112;6;US
2560;112;7;1980-11-14
2561;112;8;23000000
2562;112;9;129
2563;112;10;en
2564;112;11;7,5
2565;112;12;163
2566;112;13;380/4517/14702/7164/17651/17652/17653
2567;112;14;null
2568;112;15;1032
2569;112;16;1044
2570;112;17;3661
2571;112;18;16514/11472
2572;112;19;17657
2573;112;20;1035
2574;112;21;null
2575;112;22;null
2576;112;23;null
2577;113;1;84
2578;113;2;20000000
2579;113;3;28/12
2580;113;4;1,51374779280924
2581;113;5;4/1
2582;113;6;US
2583;113;7;1981-06-12
2584;113;8;383000000
2585;113;9;115
2586;113;10;en/es/de/he/ar/ne
2587;113;11;7,2
2588;113;12;1544
2589;113;13;3/650/652/653/655/656/659/660
2590;113;14;null
2591;113;15;488
2592;113;16;666
2593;113;17;493/1
2594;113;18;664/1/665/597/598/668
2595;113;19;491/670/671
2596;113;20;8844/1/648
2597;113;21;669
2598;113;22;null
2599;113;23;null
2600;114;1;null
2601;114;2;25000000
2602;114;3;18
2603;114;4;0,563726142437115
2604;114;5;60/206
2605;114;6;US
2606;114;7;1988-12-11
2607;114;8;412825435
2608;114;9;133
2609;114;10;it/en
2610;114;11;7
2611;114;12;358
2612;114;13;4483/500/3124/2211/5145/5146/5147/5148
2613;114;14;null
2614;114;15;8246
2615;114;16;2702
2616;114;17;5166
2617;114;18;5162/3804/3805/2211/5163/5164/949
2618;114;19;947/2889
2619;114;20;5143/5144
2620;114;21;5167/1260
2621;114;22;null
2622;114;23;null
2623;115;1;null
2624;115;2;0
2625;115;3;28/18/36
2626;115;4;0,495460624471639
2627;115;5;1657/8886/1598
2628;115;6;JP
2629;115;7;1985-06-01
2630;115;8;313831
2631;115;9;162
2632;115;10;ja
2633;115;11;7,7
2634;115;12;80
2635;115;13;70132/70133/70134/70131
2636;115;14;null
2637;115;15;5026
2638;115;16;34380/70129/70130
2639;115;17;5026
2640;115;18;70128/37456
2641;115;19;51808
2642;115;20;5026/20827/6210
2643;115;21;null
2644;115;22;null
2645;115;23;null
2646;116;1;null
2647;116;2;150000000
2648;116;3;16
2649;116;4;0,87182884549285
2650;116;5;2/3
2651;116;6;US
2652;116;7;2007-06-28
2653;116;8;623722164
2654;116;9;111
2655;116;10;en
2656;116;11;6,9
2657;116;12;1240
2658;116;13;10872/7962/21197/65/21198/6197/18/11390
2659;116;14;null
2660;116;15;7087
2661;116;16;null
2662;116;17;21201
2663;116;18;32532/7879/7/7899
2664;116;19;15347
2665;116;20;7087/7930/32535
2666;116;21;7888
2667;116;22;null
2668;116;23;null
2669;117;1;null
2670;117;2;1000000
2671;117;3;9648/53
2672;117;4;0,758884377258503
2673;117;5;4
2674;117;6;US
2675;117;7;1954-08-04
2676;117;8;26105286
2677;117;9;112
2678;117;10;en
2679;117;11;7,5
2680;117;12;333
2681;117;13;854/4070/7683/7684/7685/7686/49906/161738
2682;117;14;null
2683;117;15;2636
2684;117;16;2654
2685;117;17;2655
2686;117;18;2636/5728/7690
2687;117;19;8619
2688;117;20;7748/5181
2689;117;21;5187/5188/7687/7688
2690;117;22;2653
2691;117;23;null
2692;118;1;null
2693;118;2;1288000
2694;118;3;18/9648/10748/53/10749
2695;118;4;0,11072246274469
2696;118;5;1553
2697;118;6;US
2698;118;7;1940-04-12
2699;118;8;43455
2700;118;9;130
2701;118;10;fr/en
2702;118;11;6,9
2703;118;12;40
2704;118;13;3359/3360/3361/3362/3363/3364/3366/3367
2705;118;14;null
2706;118;15;2636
2707;118;16;3356
2708;118;17;3355
2709;118;18;3248
2710;118;19;8619/3373/3374
2711;118;20;3353/3386/69513/3354/231131
2712;118;21;3358/3387
2713;118;22;3357
2714;118;23;null
2715;119;1;null
2716;119;2;4500000
2717;119;3;18
2718;119;4;0,150479245144861
2719;119;5;2188
2720;119;6;US
2721;119;7;2000-10-27
2722;119;8;7390108
2723;119;9;102
2724;119;10;en
2725;119;11;7,5
2726;119;12;496
2727;119;13;9560/7499/6161/9562/4443/9565/14548/171117
2728;119;14;null
2729;119;15;6431
2730;119;16;4867
2731;119;17;330
2732;119;18;9537/6433/6468/9541/4447/9543/9544/9545/5914/9552
2733;119;19;6377/9555/9557
2734;119;20;9535/6431/9535
2735;119;21;9546/9547/9549
2736;119;22;9553
2737;119;23;null
2738;120;1;null
2739;120;2;1200000
2740;120;3;80/53
2741;120;4;0,444635143595759
2742;120;5;26198/285
2743;120;6;US
2744;120;7;1992-06-25
2745;120;8;14661007
2746;120;9;99
2747;120;10;en
2748;120;11;7,6
2749;120;12;681
2750;120;13;1037/3129/147/2969/884/6937/6939/138
2751;120;14;null
2752;120;15;138
2753;120;16;3115
2754;120;17;156
2755;120;18;2545/5507/12997/20921/66137/37334
2756;120;19;6940
2757;120;20;138
2758;120;21;5779/11801
2759;120;22;1287670/1287671/1287672
2760;120;23;null
2761;121;1;1575
2762;121;2;1100000
2763;121;3;18
2764;121;4;0,761370426549512
2765;121;5;60
2766;121;6;US
2767;121;7;1976-11-21
2768;121;8;117235147
2769;121;9;119
2770;121;10;en
2771;121;11;6,9
2772;121;12;395
2773;121;13;16483/3094/4521/1101/16523/16524/16525/16526
2774;121;14;null
2775;121;15;16513
2776;121;16;14843
2777;121;17;16515
2778;121;18;16514/11472/16516
2779;121;19;10494/16520/16521
2780;121;20;16483
2781;121;21;16517/10064/16518
2782;121;22;16522
2783;121;23;null
2784;122;1;null
2785;122;2;1500000
2786;122;3;35/10749
2787;122;4;0,201294784043927
2788;122;5;4
2789;122;6;US
2790;122;7;1953-08-27
2791;122;8;0
2792;122;9;118
2793;122;10;it/en
2794;122;11;7,7
2795;122;12;68
2796;122;13;8487/1932/11998/11999/12000/12001/12002/12003
2797;122;14;null
2798;122;15;10001
2799;122;16;2307
2800;122;17;11997
2801;122;18;10001/11996
2802;122;19;2578/11561
2803;122;20;11993/11994/11995
2804;122;21;5188
2805;122;22;null
2806;122;23;null
2807;123;1;null
2808;123;2;1500000
2809;123;3;80/18/9648/10748/53
2810;123;4;0,158911071106527
2811;123;5;174/1554
2812;123;6;US
2813;123;7;1948-08-23
2814;123;8;0
2815;123;9;80
2816;123;10;en
2817;123;11;7,4
2818;123;12;42
2819;123;13;854/14504/12497/17660/17661/17662/17663/17664
2820;123;14;null
2821;123;15;2636/17916
2822;123;16;17668/17669/17909/17910/17911/17912/17913/17909
2823;123;17;2773
2824;123;18;17666/2636/17906
2825;123;19;17667/17673/17915
2826;123;20;17665/17905/7668/4341
2827;123;21;13572/10918/17670/17908
2828;123;22;null
2829;123;23;null
2830;124;1;264338
2831;124;2;3200000
2832;124;3;18/27/9648
2833;124;4;0,189756920447582
2834;124;5;10324/4
2835;124;6;US
2836;124;7;1968-06-12
2837;124;8;33395426
2838;124;9;136
2839;124;10;en
2840;124;11;6,8
2841;124;12;132
2842;124;13;12021/11147/4970/12022/12023/1208/12024/12025
2843;124;14;null
2844;124;15;3556
2845;124;16;12846
2846;124;17;12015/12016
2847;124;18;12011/12012
2848;124;19;12013/9107
2849;124;20;3556/13019
2850;124;21;12017/12018/12019
2851;124;22;null
2852;124;23;null
2853;125;1;null
2854;125;2;70000000
2855;125;3;18/36/10752
2856;125;4;1,74407185789596
2857;125;5;27/4/56/762/11362
2858;125;6;US
2859;125;7;1998-07-24
2860;125;8;481840909
2861;125;9;169
2862;125;10;cs/de/en/fr
2863;125;11;7,4
2864;125;12;1885
2865;125;13;31/3197/1117/94864/12838/3907/1892/12833
2866;125;14;null
2867;125;15;488
2868;125;16;492
2869;125;17;493
2870;125;18;2215/488/9987/6048/284
2871;125;19;491
2872;125;20;12832
2873;125;21;19291/2486/7849
2874;125;22;null
2875;125;23;null
2876;126;1;null
2877;126;2;25000000
2878;126;3;28/12/80/18/53
2879;126;4;1,10813893034084
2880;126;5;33
2881;126;6;US
2882;126;7;1983-12-08
2883;126;8;65884703
2884;126;9;170
2885;126;10;en/es
2886;126;11;7,5
2887;126;12;708
2888;126;13;1158/1159/1160/1161/1162/1163/1164/1165
2889;126;14;null
2890;126;15;1150
2891;126;16;1153
2892;126;17;1157/852
2893;126;18;1151/1156/57652
2894;126;19;1154
2895;126;20;1152
2896;126;21;1155/23702/958383
2897;126;22;null
2898;126;23;null
2899;127;1;null
2900;127;2;22000000
2901;127;3;18/36/10752
2902;127;4;0,746802908273949
2903;127;5;33/56
2904;127;6;US
2905;127;7;1993-11-29
2906;127;8;321265768
2907;127;9;195
2908;127;10;de/pl/he/en
2909;127;11;7,7
2910;127;12;1225
2911;127;13;3896/2282/5469/6692/6693/6368/6694/6695
2912;127;14;null
2913;127;15;488/570136
2914;127;16;492
2915;127;17;493
2916;127;18;1031561/1312252/1317873/1317874/1046/488/930/2211/6687
2917;127;19;491/66142/1376818/9971/1376819/9441/1116937/113090
2918;127;20;6685/2260
2919;127;21;3563
2920;127;22;6689/6691
2921;127;23;6690/1376821
2922;128;1;null
2923;128;2;33000000
2924;128;3;80/9648/53
2925;128;4;0,852554676903202
2926;128;5;12
2927;128;6;US
2928;128;7;1995-09-22
2929;128;8;327311859
2930;128;9;127
2931;128;10;en
2932;128;11;7,6
2933;128;12;1716
2934;128;13;287/192/12052/8655/12047/1979/12054/12055
2935;128;14;null
2936;128;15;7467
2937;128;16;2240
2938;128;17;6581
2939;128;18;12048/10764/12050/5328/3192/4023/11815
2940;128;19;117
2941;128;20;12047
2942;128;21;944/12051/4197
2943;128;22;null
2944;128;23;null
2945;129;1;null
2946;129;2;80000000
2947;129;3;18/9648/53
2948;129;4;1,24361866528612
2949;129;5;4/11317/23243/562
2950;129;6;US
2951;129;7;2010-02-18
2952;129;8;294803014
2953;129;9;138
2954;129;10;en/de
2955;129;11;7,1
2956;129;12;1684
2957;129;13;6193/103/2282/1246/1812/2201/17183/1276
2958;129;14;null
2959;129;15;1032
2960;129;16;149
2961;129;17;null
2962;129;18;20206/20207/1032/2242
2963;129;19;null
2964;129;20;4722/20294
2965;129;21;2366
2966;129;22;null
2967;129;23;null
2968;130;1;135179
2969;130;2;40000000
2970;130;3;28/80/53
2971;130;4;0,868097992521954
2972;130;5;7405/10807
2973;130;6;US
2974;130;7;2005-03-31
2975;130;8;158733820
2976;130;9;124
2977;130;10;en
2978;130;11;7
2979;130;12;791
2980;130;13;62/2295/2296/56731/109/2299/5915/585
2981;130;14;null
2982;130;15;2293/2294
2983;130;16;2294
2984;130;17;2294
2985;130;18;5911/5914
2986;130;19;4500/5912/2294
2987;130;20;2293/2293
2988;130;21;null
2989;130;22;null
2990;130;23;null
2991;131;1;null
2992;131;2;2540800
2993;131;3;35/10402/10749
2994;131;4;0,687746724804188
2995;131;5;8411
2996;131;6;US
2997;131;7;1952-04-10
2998;131;8;7200000
2999;131;9;103
3000;131;10;en
3001;131;11;7
3002;131;12;183
3003;131;13;13294/13295/8857/13296/13297/41226/13298/13299
3004;131;14;null
3005;131;15;13284/13294
3006;131;16;9057
3007;131;17;13289
3008;131;18;9055
3009;131;19;95665/1147360/9055
3010;131;20;13286/13286/197796/197796
3011;131;21;13290/9062/41409/9063
3012;131;22;13292/13293/13284/13294
3013;131;23;null
3014;132;1;262011
3015;132;2;0
3016;132;3;9648/53
3017;132;4;0,115042280420026
3018;132;5;2380
3019;132;6;GB
3020;132;7;1972-12-10
3021;132;8;0
3022;132;9;138
3023;132;10;en
3024;132;11;7,4
3025;132;12;14
3026;132;13;3359/3895/14936/14937/14938/14939
3027;132;14;null
3028;132;15;10601
3029;132;16;10339
3030;132;17;14931
3031;132;18;14927/14928/14929
3032;132;19;14930
3033;132;20;7750/7750
3034;132;21;9869/8524/14932
3035;132;22;14934
3036;132;23;null
3037;133;1;null
3038;133;2;15000000
3039;133;3;18/10749
3040;133;4;0,618670528884829
3041;133;5;3573/9349
3042;133;6;GB/IN
3043;133;7;2008-05-12
3044;133;8;377910544
3045;133;9;120
3046;133;10;fr/hi/en
3047;133;11;7,2
3048;133;12;624
3049;133;13;72118/72119/76788/76789/76790/76791/76792/76793
3050;133;14;null
3051;133;15;2034
3052;133;16;null
3053;133;17;null
3054;133;18;57583
3055;133;19;5288
3056;133;20;57631
3057;133;21;null
3058;133;22;null
3059;133;23;null
3060;134;1;null
3061;134;2;10000000
3062;134;3;80/53
3063;134;4;1,10135894113925
3064;134;5;441/13419
3065;134;6;GB/US
3066;134;7;2000-12-06
3067;134;8;83557872
3068;134;9;103
3069;134;10;en/ru
3070;134;11;7,4
3071;134;12;1179
3072;134;13;976/287/1115/980/1116/1117/1118/1119
3073;134;14;null
3074;134;15;956
3075;134;16;966
3076;134;17;1114
3077;134;18;957/1113
3078;134;19;960/143210
3079;134;20;956
3080;134;21;1319155/1319156/1112
3081;134;22;null
3082;134;23;null
3083;135;1;null
3084;135;2;3500000
3085;135;3;35
3086;135;4;0,465903350056103
3087;135;5;60
3088;135;6;US
3089;135;7;1959-03-29
3090;135;8;0
3091;135;9;122
3092;135;10;en
3093;135;11;7,4
3094;135;12;142
3095;135;13;3149/3150/3151/3152/3156/3160/3161/3168
3096;135;14;null
3097;135;15;3146
3098;135;16;3148
3099;135;17;8621
3100;135;18;3146/3159
3101;135;19;null
3102;135;20;3147/3158
3103;135;21;null
3104;135;22;null
3105;135;23;null
3106;136;1;null
3107;136;2;8000000
3108;136;3;80/18
3109;136;4;0,578661706724321
3110;136;5;5
3111;136;6;US
3112;136;7;1986-08-07
3113;136;8;52287000
3114;136;9;89
3115;136;10;en
3116;136;11;7,1
3117;136;12;253
3118;136;13;3033/741/3034/3035/2628/3036/3037/1953
3119;136;14;null
3120;136;15;3026
3121;136;16;3031
3122;136;17;3032
3123;136;18;3028/3029/3030/2874/3275
3124;136;19;7066
3125;136;20;3029/3028/3027
3126;136;21;16614/1288845
3127;136;22;null
3128;136;23;null
3129;137;1;115575
3130;137;2;150000000
3131;137;3;28/12/878
3132;137;4;1,4282647254783
3133;137;5;4/11461/158/23419
3134;137;6;DE/US
3135;137;7;2009-05-07
3136;137;8;385680446
3137;137;9;127
3138;137;10;en
3139;137;11;7,3
3140;137;12;2257
3141;137;13;62064/17306/1749/8783/21089/1372/8691/11108
3142;137;14;null
3143;137;15;15344
3144;137;16;15348
3145;137;17;15349/15350
3146;137;18;15344/28977/40592/15345/15346/28974/6052/765144
3147;137;19;15347
3148;137;20;1745/15346/15345
3149;137;21;21568/15352/15351
3150;137;22;null
3151;137;23;null
3152;138;1;10
3153;138;2;32350000
3154;138;3;28/12/878
3155;138;4;1,68296606977833
3156;138;5;1
3157;138;6;US
3158;138;7;1983-05-25
3159;138;8;572700000
3160;138;9;135
3161;138;10;en
3162;138;11;7,6
3163;138;12;1673
3164;138;13;2/3/4/3799/6/24343/15152/7908
3165;138;14;null
3166;138;15;19800
3167;138;16;null
3168;138;17;null
3169;138;18;665/1
3170;138;19;491
3171;138;20;8844/1/1
3172;138;21;null
3173;138;22;null
3174;138;23;null
3175;139;1;null
3176;139;2;1200000
3177;139;3;80/53/10753
3178;139;4;0,19499270872836
3179;139;5;174
3180;139;6;US
3181;139;7;1951-06-30
3182;139;8;0
3183;139;9;101
3184;139;10;fr/en
3185;139;11;7,5
3186;139;12;35
3187;139;13;12497/12498/12499/2642/12500/10926/12501/12502
3188;139;14;null
3189;139;15;2636
3190;139;16;2654
3191;139;17;2773
3192;139;18;2636/4362
3193;139;19;4082/12496
3194;139;20;12491/12493/12494/4341/12492
3195;139;21;12495/4126
3196;139;22;null
3197;139;23;null
3198;140;1;null
3199;140;2;1752000
3200;140;3;18/10749/10753
3201;140;4;0,395731656871902
3202;140;5;4
3203;140;6;US
3204;140;7;1950-08-04
3205;140;8;0
3206;140;9;110
3207;140;10;en
3208;140;11;7,9
3209;140;12;56
3210;140;13;8252/8629/8630/8631/8632/8633/8634/8635
3211;140;14;null
3212;140;15;3146
3213;140;16;8620
3214;140;17;8621
3215;140;18;8617/8624
3216;140;19;8619
3217;140;20;8617/3146/8618
3218;140;21;8622/8623/7687/7688
3219;140;22;null
3220;140;23;8628/8627
3221;141;1;null
3222;141;2;2600000
3223;141;3;18
3224;141;4;0,0583308911132641
3225;141;5;2140/2320/3202/3661
3226;141;6;IN
3227;141;7;2007-12-21
3228;141;8;28430000
3229;141;9;165
3230;141;10;hi
3231;141;11;8,1
3232;141;12;34
3233;141;13;52764/52763/52766/52768/52770/52771
3234;141;14;null
3235;141;15;52763
3236;141;16;null
3237;141;17;52774
3238;141;18;null
3239;141;19;null
3240;141;20;52773
3241;141;21;null
3242;141;22;null
3243;141;23;null
3244;142;1;null
3245;142;2;1300000
3246;142;3;80/18
3247;142;4;1,29108293935954
3248;142;5;441
3249;142;6;US
3250;142;7;1976-02-08
3251;142;8;21100000
3252;142;9;113
3253;142;10;en/es
3254;142;11;7,3
3255;142;12;399
3256;142;13;380/1036/1037/1038/1039/1040/13/1041
3257;142;14;null
3258;142;15;1032
3259;142;16;1044
3260;142;17;1047/1048/2551
3261;142;18;12432/12433/1046
3262;142;19;1045/1052/1053/1054/1056/1057
3263;142;20;1035
3264;142;21;1049/1050
3265;142;22;null
3266;142;23;null
3267;143;1;528
3268;143;2;100000000
3269;143;3;28/878/53
3270;143;4;2,19637170539263
3271;143;5;14723/183/574/7746
3272;143;6;FR/US
3273;143;7;1991-07-01
3274;143;8;520000000
3275;143;9;137
3276;143;10;en/es
3277;143;11;7,2
3278;143;12;1640
3279;143;13;1100/2713/820/418/2716/3977/3978/3979
3280;143;14;null
3281;143;15;121347/2710
3282;143;16;2723
3283;143;17;898/3985/3987
3284;143;18;2710/869/3986/1262
3285;143;19;2722/3991/2216/3992/3996
3286;143;20;2711/2710
3287;143;21;9990/3988/796
3288;143;22;60261
3289;143;23;3993
3290;144;1;null
3291;144;2;3000000
3292;144;3;35/18/10749
3293;144;4;0,525766620963002
3294;144;5;60/11241
3295;144;6;US
3296;144;7;1960-06-15
3297;144;8;25000000
3298;144;9;125
3299;144;10;en
3300;144;11;8
3301;144;12;67
3302;144;13;3151/4090/4091/4093/4094/4096/4097/4098
3303;144;14;null
3304;144;15;3146
3305;144;16;4101
3306;144;17;4102
3307;144;18;3146/3147/3159/4106
3308;144;19;4100
3309;144;20;3146/3147/3146/3147
3310;144;21;4103/4104
3311;144;22;4107
3312;144;23;null
3313;145;1;null
3314;145;2;12000000
3315;145;3;35/18/10749
3316;145;4;0,603289103604099
3317;145;5;1992/2577
3318;145;6;FR
3319;145;7;2011-10-11
3320;145;8;0
3321;145;9;100
3322;145;10;en
3323;145;11;7,2
3324;145;12;266
3325;145;13;56024/82923/1230/2505/14698/1294/5151/21523
3326;145;14;null
3327;145;15;67717
3328;145;16;20593/1194471
3329;145;17;937652/67717
3330;145;18;20674/2324/1194468
3331;145;19;472101
3332;145;20;67717
3333;145;21;25550/1172441/6880
3334;145;22;null
3335;145;23;null
3336;146;1;86311
3337;146;2;220000000
3338;146;3;28/12/878
3339;146;4;3,05774346347862
3340;146;5;4/420
3341;146;6;US
3342;146;7;2012-05-04
3343;146;8;1518594910
3344;146;9;143
3345;146;10;en
3346;146;11;7,1
3347;146;12;6329
3348;146;13;3223/16828/103/74568/1245/17604/91606/9048
3349;146;14;null
3350;146;15;12891
3351;146;16;null
3352;146;17;35176/1018965
3353;146;18;7232/20540/7626/41018/57027/15277/10850/7624/113674/113672/113675
3354;146;19;37
3355;146;20;12891/11011/12891/7624/18866
3356;146;21;1330582/1322017/1172441/1330583/20786/6055/9546
3357;146;22;8285/3285
3358;146;23;null
3359;147;1;null
3360;147;2;2100000
3361;147;3;18/36/10749
3362;147;4;0,0751771969315226
3363;147;5;28205
3364;147;6;US
3365;147;7;1946-11-21
3366;147;8;23600000
3367;147;9;172
3368;147;10;en
3369;147;11;6,9
3370;147;12;10
3371;147;13;13576/13577/13578/7663/13579/10023/11439/13580
3372;147;14;null
3373;147;15;10001
3374;147;16;8504
3375;147;17;4102
3376;147;18;13570
3377;147;19;13571
3378;147;20;13569/3386
3379;147;21;13572/6358/12349
3380;147;22;13575
3381;147;23;null
3382;148;1;null
3383;148;2;15000000
3384;148;3;35/80
3385;148;4;0,974526061492621
3386;148;5;1382/10163
3387;148;6;GB/US
3388;148;7;1998-03-06
3389;148;8;27739163
3390;148;9;117
3391;148;10;en/he/es/de
3392;148;11;7,5
3393;148;12;770
3394;148;13;1229/1230/884/1231/1232/1233/1234/1235
3395;148;14;null
3396;148;15;1223/1224
3397;148;16;151
3398;148;17;1224/1223/1228
3399;148;18;1224/1227/2236/2238
3400;148;19;1225
3401;148;20;1224/1223
3402;148;21;1226
3403;148;22;null
3404;148;23;null
3405;149;1;null
3406;149;2;0
3407;149;3;80/18/9648/10748/53/10753
3408;149;4;0,198673301076223
3409;149;5;174
3410;149;6;US
3411;149;7;1946-08-23
3412;149;8;0
3413;149;9;116
3414;149;10;en
3415;149;11;7,3
3416;149;12;26
3417;149;13;4110/7570/2673/13975/10487/13978/13976/22093
3418;149;14;null
3419;149;15;11435
3420;149;16;13972
3421;149;17;13973
3422;149;18;11435/2663
3423;149;19;3249/4315
3424;149;20;12493/13971/4298/4297
3425;149;21;4125/13974
3426;149;22;null
3427;149;23;null
3428;150;1;31562
3429;150;2;70000000
3430;150;3;28/18/9648/53
3431;150;4;1,31543619992778
3432;150;5;33/11348/862/11347/11349/11350
3433;150;6;DE/US
3434;150;7;2007-08-03
3435;150;8;227471070
3436;150;9;115
3437;150;10;en/fr/ar/ru/es
3438;150;11;7,1
3439;150;12;1218
3440;150;13;1892/12041/11064/349/14887/25616/3926/11148
3441;150;14;null
3442;150;15;25598
3443;150;16;11409
3444;150;17;29405
3445;150;18;664/25600/25604/29400/29401/11694/29402/29403/77511/10571/3501/1325/2952
3446;150;19;11098
3447;150;20;25606/19242/1921/19014/19242
3448;150;21;23453/962164/9820/15733/16733
3449;150;22;11224/1333153
3450;150;23;null
3451;151;1;null
3452;151;2;3000000
3453;151;3;18/36/10752
3454;151;4;0,364080988486702
3455;151;5;441/11356
3456;151;6;GB/US
3457;151;7;1957-10-02
3458;151;8;33300000
3459;151;9;161
3460;151;10;ja/th/en
3461;151;11;7,1
3462;151;12;99
3463;151;13;8252/12248/10018/12249/12250/12251/10029/12252
3464;151;14;null
3465;151;15;12238
3466;151;16;12242
3467;151;17;null
3468;151;18;6594
3469;151;19;12241/12246/12247
3470;151;20;12240/4066/13267
3471;151;21;12243
3472;151;22;null
3473;151;23;null
3474;152;1;263
3475;152;2;185000000
3476;152;3;28/80/18/53
3477;152;4;3,05832493568148
3478;152;5;174/923/429/9996
3479;152;6;GB/US
3480;152;7;2008-07-18
3481;152;8;1001921825
3482;152;9;152
3483;152;10;en/zh
3484;152;11;7,8
3485;152;12;5134
3486;152;13;3894/1810/6383/3895/1579/64/192/57597
3487;152;14;null
3488;152;15;525
3489;152;16;559
3490;152;17;3904
3491;152;18;525/282/556/54211/10949/75804/10951/561
3492;152;19;947/1213
3493;152;20;527/525/525/3893
3494;152;21;15327/60714
3495;152;22;null
3496;152;23;null
3497;153;1;null
3498;153;2;15000000
3499;153;3;18/10752
3500;153;4;0,770914309616445
3501;153;5;33/538
3502;153;6;GB/US
3503;153;7;1978-12-08
3504;153;8;50000000
3505;153;9;182
3506;153;10;en/fr/ru/vi
3507;153;11;7,3
3508;153;12;201
3509;153;13;380/3096/47879/4690/5064/10477/123056/67513
3510;153;14;null
3511;153;15;1342644/12114
3512;153;16;12235
3513;153;17;3100
3514;153;18;31937/1342645/12114/581/14897/14895/3662
3515;153;19;119773/1342639/1342640/40150
3516;153;20;12114/12113
3517;153;21;35499/41413/1342636/1342637/74775/1342638
3518;153;22;66226/12431/1342642/1342643
3519;153;23;null
3520;154;1;null
3521;154;2;90000000
3522;154;3;80/18/53
3523;154;4;1,59632662559427
3524;154;5;6194/7380/829/5552
3525;154;6;HK/US
3526;154;7;2006-11-09
3527;154;8;289847354
3528;154;9;151
3529;154;10;en/cn
3530;154;11;7,4
3531;154;12;1269
3532;154;13;6193/1892/514/13240/8349/5538/21657/18471
3533;154;14;null
3534;154;15;1032
3535;154;16;3769
3536;154;17;3661
3537;154;18;2242/1298/287/16729
3538;154;19;117
3539;154;20;34510/66718/66719
3540;154;21;null
3541;154;22;null
3542;154;23;null
3543;155;1;null
3544;155;2;5000000
3545;155;3;18/36
3546;155;4;0,359674903284635
3547;155;5;5612
3548;155;6;GB/US
3549;155;7;1980-10-09
3550;155;8;26010864
3551;155;9;124
3552;155;10;en
3553;155;11;7,9
3554;155;12;109
3555;155;13;5049/4173/10774/11857/13325/12517/1821/11282
3556;155;14;null
3557;155;15;5602
3558;155;16;5629
3559;155;17;6346
3560;155;18;750/15901/14639
3561;155;19;719
3562;155;20;5602
3563;155;21;5491
3564;155;22;null
3565;155;23;null
3566;156;1;12263
3567;156;2;10497444
3568;156;3;18/27/53
3569;156;4;0,67841337699223
3570;156;5;174
3571;156;6;US
3572;156;7;1973-12-26
3573;156;8;441071011
3574;156;9;122
3575;156;10;de/fr/la/ar/el/en
3576;156;11;6,9
3577;156;12;451
3578;156;13;37366/2201/9560/21736/5248/57921/65433/14016
3579;156;14;null
3580;156;15;15175
3581;156;16;16331
3582;156;17;57924/57925
3583;156;18;949/222198/1046/57922/29342
3584;156;19;7537
3585;156;20;57922/57922
3586;156;21;null
3587;156;22;null
3588;156;23;null
3589;157;1;null
3590;157;2;0
3591;157;3;28/12/35/18/10749/10752
3592;157;4;0,168495757903227
3593;157;5;null
3594;157;6;US
3595;157;7;1927-01-17
3596;157;8;0
3597;157;9;107
3598;157;10;en
3599;157;11;7,4
3600;157;12;35
3601;157;13;8635/14417/14419/14420/14421/14422/14424/10530
3602;157;14;null
3603;157;15;10517/8635
3604;157;16;14410/14411
3605;157;17;8635/14412
3606;157;18;8635/10520
3607;157;19;null
3608;157;20;10517/8635
3609;157;21;10523/14413
3610;157;22;null
3611;157;23;null
3612;158;1;230
3613;158;2;6000000
3614;158;3;80/18
3615;158;4;1,32688327156595
3616;158;5;4/10211
3617;158;6;US
3618;158;7;1972-03-15
3619;158;8;245066411
3620;158;9;175
3621;158;10;en/it/la
3622;158;11;8
3623;158;12;2194
3624;158;13;3084/1158/3085/3086/3087/3088/3142/3090
3625;158;14;null
3626;158;15;1776
3627;158;16;3097
3628;158;17;3099/3100
3629;158;18;2870/949/3101/2871/457
3630;158;19;3098
3631;158;20;3083/1776/3083
3632;158;21;2875/81519/30580
3633;158;22;null
3634;158;23;null
3635;159;1;null
3636;159;2;923000
3637;159;3;35/18/10751
3638;159;4;0,259931992936442
3639;159;5;1315
3640;159;6;US
3641;159;7;1925-06-26
3642;159;8;0
3643;159;9;95
3644;159;10;en
3645;159;11;7,4
3646;159;12;31
3647;159;13;13848/14434/14435/14437/14438/14439
3648;159;14;null
3649;159;15;13848
3650;159;16;14020
3651;159;17;13848
3652;159;18;13848
3653;159;19;null
3654;159;20;13848
3655;159;21;3945
3656;159;22;null
3657;159;23;null
3658;160;1;null
3659;160;2;3000000
3660;160;3;35/18/10749
3661;160;4;0,156713682089991
3662;160;5;8793/419
3663;160;6;US
3664;160;7;1967-12-21
3665;160;8;104397102
3666;160;9;106
3667;160;10;en
3668;160;11;6,8
3669;160;12;119
3670;160;13;10774/4483/9594/8608/7795/30050/94402/10775
3671;160;14;null
3672;160;15;5342
3673;160;16;10005
3674;160;17;12015
3675;160;18;null
3676;160;19;null
3677;160;20;10769/7795/959701
3678;160;21;12017
3679;160;22;null
3680;160;23;null
3681;161;1;null
3682;161;2;750000
3683;161;3;18
3684;161;4;0,379030953259831
3685;161;5;306
3686;161;6;US
3687;161;7;1940-03-15
3688;161;8;0
3689;161;9;129
3690;161;10;en
3691;161;11;7,1
3692;161;12;15
3693;161;13;4958/8515/8516/8517/8518/8519/8520/4119
3694;161;14;null
3695;161;15;8500
3696;161;16;8504
3697;161;17;8505
3698;161;18;8502
3699;161;19;8503/8511/8512/8513/8514
3700;161;20;2747/8501
3701;161;21;8506/8507/8508
3702;161;22;null
3703;161;23;null
3704;162;1;null
3705;162;2;2000000
3706;162;3;35
3707;162;4;0,389495841087055
3708;162;5;60
3709;162;6;US
3710;162;7;1940-10-15
3711;162;8;0
3712;162;9;125
3713;162;10;en/eo
3714;162;11;7,8
3715;162;12;171
3716;162;13;13848/14028/14029/10924/5464/14035/14027/14030
3717;162;14;null
3718;162;15;13848
3719;162;16;9081/14020
3720;162;17;14021
3721;162;18;13848/14019
3722;162;19;14025/14026/424103/13848
3723;162;20;13848
3724;162;21;14022/4104
3725;162;22;null
3726;162;23;null
3727;163;1;null
3728;163;2;4000000
3729;163;3;12/18/36/53/10752
3730;163;4;0,829621885350168
3731;163;5;219
3732;163;6;US
3733;163;7;1963-07-04
3734;163;8;5000000
3735;163;9;172
3736;163;10;en/de/fr/ru
3737;163;11;7,2
3738;163;12;176
3739;163;13;13565/16896/4786/12250/4960/9221/5563/23696
3740;163;14;null
3741;163;15;14520
3742;163;16;5806
3743;163;17;3643
3744;163;18;14520/46611/1072003
3745;163;19;7182
3746;163;20;46611/77646/80728
3747;163;21;13782
3748;163;22;null
3749;163;23;null
3750;164;1;null
3751;164;2;60000000
3752;164;3;80/18/14
3753;164;4;0,752655934504425
3754;164;5;97/3982/6194
3755;164;6;US
3756;164;7;1999-12-10
3757;164;8;284600000
3758;164;9;189
3759;164;10;fr/en
3760;164;11;7,7
3761;164;12;1044
3762;164;13;31/61981/52/5149/2505/1276/2169/6807
3763;164;14;null
3764;164;15;4027
3765;164;16;6800
3766;164;17;6581
3767;164;18;3718/4027/1262
3768;164;19;153/6799
3769;164;20;4027/3027
3770;164;21;6584/6801
3771;164;22;null
3772;164;23;null
3773;165;1;121938
3774;165;2;250000000
3775;165;3;28/12/14
3776;165;4;6,55439394143219
3777;165;5;27894/11/12
3778;165;6;NZ/US
3779;165;7;2012-12-14
3780;165;8;1017003568
3781;165;9;169
3782;165;10;en
3783;165;11;6,7
3784;165;12;4579
3785;165;13;1327/7060/30315/1333/112/113/80112/65
3786;165;14;null
3787;165;15;108
3788;165;16;1313
3789;165;17;1377
3790;165;18;3506/108/126/10830/1016175/82197/1324/1016176/1325/1326/1016177/1158956/53393
3791;165;19;117
3792;165;20;126/128/108/10828/129/1016179
3793;165;21;1373/132604
3794;165;22;null
3795;165;23;null
3796;166;1;null
3797;166;2;2000000
3798;166;3;18/9805
3799;166;4;0,380899099734679
3800;166;5;25/22820
3801;166;6;US
3802;166;7;1961-09-25
3803;166;8;0
3804;166;9;134
3805;166;10;en
3806;166;11;7,6
3807;166;12;29
3808;166;13;3636/14882/6721/862/14883/8608/14884/14885
3809;166;14;null
3810;166;15;14875
3811;166;16;1758
3812;166;17;6453
3813;166;18;14875
3814;166;19;5260/9854/14880
3815;166;20;14876/14875/14877
3816;166;21;14878/14879
3817;166;22;14881
3818;166;23;null
3819;167;1;null
3820;167;2;0
3821;167;3;35/18
3822;167;4;0,445385183710306
3823;167;5;1315
3824;167;6;US
3825;167;7;1921-01-21
3826;167;8;2500000
3827;167;9;68
3828;167;10;en
3829;167;11;7,9
3830;167;12;49
3831;167;13;13848/19426/21301/21306/63380/63378/14438/10531
3832;167;14;null
3833;167;15;13848
3834;167;16;14020
3835;167;17;13848
3836;167;18;13848
3837;167;19;null
3838;167;20;13848
3839;167;21;3945
3840;167;22;null
3841;167;23;null
3842;168;1;null
3843;168;2;320000
3844;168;3;28/80/18/53
3845;168;4;0,170613474182054
3846;168;5;null
3847;168;6;US
3848;168;7;1956-05-20
3849;168;8;0
3850;168;9;85
3851;168;10;en
3852;168;11;7,6
3853;168;12;31
3854;168;13;3088/3336/3337/3338/3339/3340/2097/3341
3855;168;14;null
3856;168;15;240
3857;168;16;3351
3858;168;17;3352
3859;168;18;3349
3860;168;19;3350
3861;168;20;3334/240/3335
3862;168;21;null
3863;168;22;null
3864;168;23;null
3865;169;1;null
3866;169;2;15000000
3867;169;3;18/36
3868;169;4;0,787351564072059
3869;169;5;308/2452/19578/7309/19579/7493/7217/5005
3870;169;6;GB
3871;169;7;2010-09-06
3872;169;8;414211549
3873;169;9;118
3874;169;10;en
3875;169;11;7,1
3876;169;12;778
3877;169;13;5472/118/1283/529/9191/5658/49971/937
3878;169;14;null
3879;169;15;70500
3880;169;16;56021
3881;169;17;null
3882;169;18;16363/1307/69881/37276/59839/118/132212
3883;169;19;2949
3884;169;20;132832
3885;169;21;null
3886;169;22;null
3887;169;23;null
3888;170;1;94032
3889;170;2;45000000
3890;170;3;16/10751
3891;170;4;1,30671027774743
3892;170;5;5888
3893;170;6;US
3894;170;7;1994-06-23
3895;170;8;788241776
3896;170;9;89
3897;170;10;en
3898;170;11;7,4
3899;170;12;2214
3900;170;13;53283/4756/15152/16940/20005/56043/69415/78729
3901;170;14;null
3902;170;15;15812/18898
3903;170;16;null
3904;170;17;56042
3905;170;18;null
3906;170;19;947
3907;170;20;38792/7933/56041
3908;170;21;null
3909;170;22;null
3910;170;23;null
3911;171;1;119
3912;171;2;79000000
3913;171;3;28/12/14
3914;171;4;2,79297457325479
3915;171;5;12/11/5237
3916;171;6;NZ/US
3917;171;7;2002-12-18
3918;171;8;926287400
3919;171;9;179
3920;171;10;en
3921;171;11;7,5
3922;171;12;3074
3923;171;13;109/1327/110/882/114/655/113/1328
3924;171;14;null
3925;171;15;108
3926;171;16;1313
3927;171;17;1376/1377
3928;171;18;1016176/61624/108/123/1307/59839/1310/1309/1311/1324/1325/1326
3929;171;19;117/1374
3930;171;20;129/108/126/128
3931;171;21;1316/1317/1318/1319/1320/1321/1373/1314
3932;171;22;null
3933;171;23;null
3934;172;1;null
3935;172;2;300000
3936;172;3;80/18/53
3937;172;4;0,414072703536047
3938;172;5;6194
3939;172;6;US
3940;172;7;1941-11-18
3941;172;8;0
3942;172;9;100
3943;172;10;en
3944;172;11;7,7
3945;172;12;69
3946;172;13;4110/13992/14450/2094/14451/5740/4114/4303
3947;172;14;null
3948;172;15;6593
3949;172;16;2005
3950;172;17;14447
3951;172;18;14446/4123
3952;172;19;4100/7128
3953;172;20;6593/5165/5165
3954;172;21;14448
3955;172;22;null
3956;172;23;null
3957;173;1;null
3958;173;2;3200000
3959;173;3;37
3960;173;4;0,366846730610528
3961;173;5;4/10698
3962;173;6;US
3963;173;7;1962-04-22
3964;173;8;8000000
3965;173;9;123
3966;173;10;en
3967;173;11;6,7
3968;173;12;54
3969;173;13;4165/854/7303/18391/8254/14966/176543/8516
3970;173;14;null
3971;173;15;8500
3972;173;16;40183
3973;173;17;14961
3974;173;18;1503/8500
3975;173;19;14647
3976;173;20;70037/1503/544594
3977;173;21;116723/5188
3978;173;22;null
3979;173;23;null
3980;174;1;null
3981;174;2;80000000
3982;174;3;18/53
3983;174;4;0,427384787891052
3984;174;5;623
3985;174;6;US
3986;174;7;1962-10-24
3987;174;8;96105910
3988;174;9;126
3989;174;10;es/en
3990;174;11;7,1
3991;174;12;15
3992;174;13;4347/7302/14729/14730/14731/14732/14733/1943
3993;174;14;null
3994;174;15;13776
3995;174;16;14726
3996;174;17;3643
3997;174;18;1931/13776/3428
3998;174;19;14725
3999;174;20;14724/1931
4000;174;21;12017/8883/8339
4001;174;22;14728
4002;174;23;null
4003;175;1;2344
4004;175;2;63000000
4005;175;3;28/12/878/53
4006;175;4;1,9255569490379
4007;175;5;1885/6194/79/372
4008;175;6;AU/US
4009;175;7;1999-03-30
4010;175;8;463517383
4011;175;9;136
4012;175;10;en
4013;175;11;7,5
4014;175;12;3971
4015;175;13;6384/2975/530/1331/9364/532/9372/7244
4016;175;14;null
4017;175;15;9339/9340
4018;175;16;9341
4019;175;17;4671
4020;175;18;1091/1262/9342
4021;175;19;4949/9349/9351
4022;175;20;9339/9340
4023;175;21;9343/9344/9345/9346
4024;175;22;9354/9355/9357/9593
4025;175;23;null
4026;176;1;null
4027;176;2;795000
4028;176;3;80/53/10753
4029;176;4;0,40103900047298
4030;176;5;60
4031;176;6;US
4032;176;7;1955-07-26
4033;176;8;0
4034;176;9;93
4035;176;10;en
4036;176;11;8
4037;176;12;33
4038;176;13;10158/7632/8828/30537/30538/9111/30539/30540
4039;176;14;null
4040;176;15;10921
4041;176;16;7648
4042;176;17;30536
4043;176;18;30534
4044;176;19;30535
4045;176;20;30533/6596/10921
4046;176;21;null
4047;176;22;null
4048;176;23;null
4049;177;1;null
4050;177;2;35000000
4051;177;3;18
4052;177;4;0,50572207032071
4053;177;5;271/355/260/264/31087/5358/694/208/6476/19150/266/267/10201
4054;177;6;DE/FR/GB/PL
4055;177;7;2002-09-24
4056;177;8;120072577
4057;177;9;150
4058;177;10;de/pl/en
4059;177;11;7,5
4060;177;12;289
4061;177;13;3490/3491/6637/6638/6639/6640/6641/6642
4062;177;14;null
4063;177;15;3556
4064;177;16;3561
4065;177;17;3564
4066;177;18;3556/3560/3559
4067;177;19;1400
4068;177;20;3558/6635
4069;177;21;null
4070;177;22;null
4071;177;23;null
4072;178;1;null
4073;178;2;40000000
4074;178;3;18/9648/53
4075;178;4;1,58827899665029
4076;178;5;9996/9195/6194/666
4077;178;6;US
4078;178;7;2006-10-19
4079;178;8;109676311
4080;178;9;130
4081;178;10;en
4082;178;11;7,4
4083;178;12;1177
4084;178;13;6968/3894/3895/1245/1333/7487/15555/15556
4085;178;14;null
4086;178;15;525
4087;178;16;559
4088;178;17;3904
4089;178;18;525/554/556
4090;178;19;558
4091;178;20;527/525/15554
4092;178;21;null
4093;178;22;null
4094;178;23;null
4095;179;1;null
4096;179;2;16000000
4097;179;3;12/35/14/10749/10751
4098;179;4;0,553276783275844
4099;179;5;25/1153/1154/365
4100;179;6;US
4101;179;7;1987-09-18
4102;179;8;30857814
4103;179;9;98
4104;179;10;en
4105;179;11;7,5
4106;179;12;643
4107;179;13;2130/32/25503/25504/14541/13524/12900/2314
4108;179;14;null
4109;179;15;3026
4110;179;16;null
4111;179;17;null
4112;179;18;null
4113;179;19;null
4114;179;20;348/348
4115;179;21;null
4116;179;22;null
4117;179;23;null
4118;180;1;null
4119;180;2;25000000
4120;180;3;80/18
4121;180;4;1,77709626277259
4122;180;5;97
4123;180;6;US
4124;180;7;1994-09-14
4125;180;8;28341469
4126;180;9;142
4127;180;10;en
4128;180;11;8,1
4129;180;12;3487
4130;180;13;504/192/4029/6573/6574/6575/6576/6577
4131;180;14;null
4132;180;15;4027
4133;180;16;151
4134;180;17;6581
4135;180;18;4028/6583/3965
4136;180;19;153
4137;180;20;3027/4027
4138;180;21;6584
4139;180;22;null
4140;180;23;null
4141;181;1;null
4142;181;2;19000000
4143;181;3;27/53
4144;181;4;0,778455545120221
4145;181;5;174/88/11272/734
4146;181;6;GB
4147;181;7;1980-05-22
4148;181;8;44017374
4149;181;9;144
4150;181;10;en
4151;181;11;7,5
4152;181;12;713
4153;181;13;514/10409/10410/7077/10411/694/592/10412
4154;181;14;null
4155;181;15;240
4156;181;16;2286
4157;181;17;244
4158;181;18;240/5016/2288/10408
4159;181;19;2284/2285
4160;181;20;240/3027/10404
4161;181;21;5022/5021
4162;181;22;null
4163;181;23;null
4164;182;1;9743
4165;182;2;19000000
4166;182;3;80/18/10748/53
4167;182;4;0,605006814899628
4168;182;5;41/801
4169;182;6;US
4170;182;7;1991-02-13
4171;182;8;272742922
4172;182;9;118
4173;182;10;en
4174;182;11;7,4
4175;182;12;1094
4176;182;13;4173/1038/349/15854/16293/31649/6930/51864
4177;182;14;null
4178;182;15;16294
4179;182;16;16300
4180;182;17;4869
4181;182;18;16296/16297/16298
4182;182;19;117
4183;182;20;57862/16786
4184;182;21;9178/12257/20585
4185;182;22;null
4186;182;23;null
4187;183;1;null
4188;183;2;55000000
4189;183;3;18/14/53
4190;183;4;0,724221250794061
4191;183;5;915/17032/158/862
4192;183;6;US
4193;183;7;1999-08-02
4194;183;8;672806292
4195;183;9;107
4196;183;10;la/es/en
4197;183;11;7,2
4198;183;12;842
4199;183;13;62/9640/3051/11616/11617/2680/4940/11618
4200;183;14;null
4201;183;15;11614
4202;183;16;16300
4203;183;17;5327
4204;183;18;489/664/5664/2952/136
4205;183;19;1213
4206;183;20;11614
4207;183;21;11620/1890
4208;183;22;null
4209;183;23;null
4210;184;1;null
4211;184;2;5500000
4212;184;3;35/80/18
4213;184;4;0,437190939510616
4214;184;5;33
4215;184;6;US
4216;184;7;1973-12-25
4217;184;8;159616327
4218;184;9;129
4219;184;10;en
4220;184;11;7,7
4221;184;12;103
4222;184;13;3636/4135/8606/1466/4093/39015/14833/171056
4223;184;14;null
4224;184;15;9577
4225;184;16;10005
4226;184;17;3099
4227;184;18;57138/57139/12432/12433
4228;184;19;10468/57141
4229;184;20;12920
4230;184;21;null
4231;184;22;null
4232;184;23;null
4233;185;1;528
4234;185;2;6400000
4235;185;3;28/878/53
4236;185;4;2,61974702982832
4237;185;5;469/7746/7745/4764
4238;185;6;GB/US
4239;185;7;1984-10-26
4240;185;8;78371200
4241;185;9;108
4242;185;10;en/es
4243;185;11;6,8
4244;185;12;1386
4245;185;13;1100/2712/2713/1818/2714/2715/2716/2717
4246;185;14;null
4247;185;15;2710/1378209/1378210
4248;185;16;2723/74992
4249;185;17;898
4250;185;18;869/2720/2721/2724/1378211
4251;185;19;2722/1378198/1314343/1378199/1378201/74975/74976/74978/1378206
4252;185;20;2711/2710/869
4253;185;21;45090/1098702/1024207/1378197
4254;185;22;1378194/1378195/1378196/102339/1378202/1378207/1378208
4255;185;23;null
4256;186;1;245713
4257;186;2;10000000
4258;186;3;27/9648/878/53
4259;186;4;1,00882565365641
4260;186;5;33/662
4261;186;6;CA/US
4262;186;7;1982-06-25
4263;186;8;13782838
4264;186;9;109
4265;186;10;en/no
4266;186;11;7,4
4267;186;12;334
4268;186;13;6856/11065/15411/15412/65827/15413/15414/15415
4269;186;14;null
4270;186;15;11770/1376517
4271;186;16;1060/62583
4272;186;17;1767
4273;186;18;15407/11813/511/15408/15409
4274;186;19;1259/1376514/16210/1269306/928942/1344273
4275;186;20;15406
4276;186;21;7186/15410/796/1376513
4277;186;22;1376512
4278;186;23;null
4279;187;1;null
4280;187;2;0
4281;187;3;9648/53/10753
4282;187;4;0,578977685952276
4283;187;5;659/660
4284;187;6;AT/GB
4285;187;7;1949-08-31
4286;187;8;596349
4287;187;9;104
4288;187;10;en/ru/de
4289;187;11;7,4
4290;187;12;39
4291;187;13;7664/15385/40/12726/9874/14120/15386/15387
4292;187;14;null
4293;187;15;15378
4294;187;16;30670/12720
4295;187;17;15384
4296;187;18;15382/15378
4297;187;19;15383
4298;187;20;15379
4299;187;21;null
4300;187;22;null
4301;187;23;null
4302;188;1;null
4303;188;2;3800000
4304;188;3;28/12/18/37
4305;188;4;0,194582004342166
4306;188;5;6194
4307;188;6;US
4308;188;7;1948-01-06
4309;188;8;0
4310;188;9;126
4311;188;10;en
4312;188;11;7,6
4313;188;12;36
4314;188;13;4110/19020/14517/30303/14451/30304/30305/30306
4315;188;14;null
4316;188;15;6593
4317;188;16;2760
4318;188;17;2761
4319;188;18;14446/2663
4320;188;19;3249
4321;188;20;30302/6593
4322;188;21;null
4323;188;22;null
4324;188;23;null
4325;189;1;null
4326;189;2;60000000
4327;189;3;35/18
4328;189;4;0,72431416728681
4329;189;5;258
4330;189;6;US
4331;189;7;1998-06-04
4332;189;8;264118201
4333;189;9;103
4334;189;10;en
4335;189;11;7,1
4336;189;12;757
4337;189;13;206/350/11315/11317/228/11318/6579/116898
4338;189;14;null
4339;189;15;2690
4340;189;16;10717
4341;189;17;null
4342;189;18;11302/8685/2997/11303
4343;189;19;null
4344;189;20;8685
4345;189;21;null
4346;189;22;null
4347;189;23;null
4348;190;1;null
4349;190;2;25000000
4350;190;3;80/18/36/53
4351;190;4;0,579824144443411
4352;190;5;4
4353;190;6;US
4354;190;7;1987-06-02
4355;190;8;76270454
4356;190;9;119
4357;190;10;en
4358;190;11;7,1
4359;190;12;240
4360;190;13;1269/738/380/1271/1270/1272/1273/1274
4361;190;14;null
4362;190;15;1150
4363;190;16;1258
4364;190;17;852/1264
4365;190;18;1254/1262
4366;190;19;1259
4367;190;20;1256/1257/1255
4368;190;21;1260/1261
4369;190;22;null
4370;190;23;null
4371;191;1;null
4372;191;2;6000000
4373;191;3;80/18/53
4374;191;4;1,1994302436048
4375;191;5;1382
4376;191;6;US
4377;191;7;1995-08-16
4378;191;8;23341568
4379;191;9;106
4380;191;10;es/en/fr/hu
4381;191;11;7,7
4382;191;12;806
4383;191;13;1979/9045/5168/1121/7166/9046/4935/4808
4384;191;14;null
4385;191;15;9032
4386;191;16;9040
4387;191;17;9039
4388;191;18;9032/9034/9035/4584/9036/9037/9038/6410/9044
4389;191;19;9039
4390;191;20;9033
4391;191;21;9041/8221/9042
4392;191;22;null
4393;191;23;null
4394;192;1;null
4395;192;2;6000000
4396;192;3;12/37
4397;192;4;0,367353400352954
4398;192;5;4051
4399;192;6;US
4400;192;7;1969-06-17
4401;192;8;509424
4402;192;9;145
4403;192;10;de/en/es
4404;192;11;7,4
4405;192;12;42
4406;192;13;7502/8252/8253/8254/8255/8257/8258/8259
4407;192;14;null
4408;192;15;7767/1391094
4409;192;16;3351/45963/559911
4410;192;17;7770
4411;192;18;7768/7772/7766
4412;192;19;7769/7773
4413;192;20;7765/7766/7767/7765
4414;192;21;7127
4415;192;22;7774/1391093/1391095
4416;192;23;null
4417;193;1;301888
4418;193;2;2777000
4419;193;3;12/14/22/10751
4420;193;4;0,906397320656392
4421;193;5;8411/1460
4422;193;6;US
4423;193;7;1939-08-25
4424;193;8;16538431
4425;193;9;101
4426;193;10;en
4427;193;11;6,6
4428;193;12;410
4429;193;13;9066/9067/9068/9069/9070/9071/9072/8517
4430;193;14;null
4431;193;15;9049/14674/9054/29962
4432;193;16;9057
4433;193;17;9058
4434;193;18;9054/9055/2656
4435;193;19;9056
4436;193;20;9051/9052/9053/1505
4437;193;21;9059/9060/9061/9062/9063
4438;193;22;null
4439;193;23;null
4440;194;1;null
4441;194;2;25000000
4442;194;3;18
4443;194;4;0,72639940038186
4444;194;5;838/14/178
4445;194;6;US
4446;194;7;2007-12-28
4447;194;8;76181545
4448;194;9;158
4449;194;10;en
4450;194;11;7,7
4451;194;12;244
4452;194;13;11856/17142/52564/8785/18916/52565/52566/8214
4453;194;14;null
4454;194;15;4762
4455;194;16;2950
4456;194;17;1809
4457;194;18;4770/4762/4769/4772
4458;194;19;47675
4459;194;20;4762/52563
4460;194;21;5632
4461;194;22;null
4462;194;23;null
4463;195;1;null
4464;195;2;2000000
4465;195;3;80/18/9648
4466;195;4;0,430932786338886
4467;195;5;24308/10330/1511
4468;195;6;US
4469;195;7;1962-12-25
4470;195;8;13129846
4471;195;9;129
4472;195;10;en
4473;195;11;7,6
4474;195;12;71
4475;195;13;8487/8488/8489/3087/8490/6838/8492/8493
4476;195;14;null
4477;195;15;8482
4478;195;16;4308
4479;195;17;8484
4480;195;18;6349
4481;195;19;7182
4482;195;20;8483/8485/8485
4483;195;21;369
4484;195;22;null
4485;195;23;null
4486;196;1;null
4487;196;2;0
4488;196;3;16/14/10751
4489;196;4;0,866596122391002
4490;196;5;12516/12523/10342
4491;196;6;JP
4492;196;7;1988-04-16
4493;196;8;0
4494;196;9;86
4495;196;10;ja
4496;196;11;7,8
4497;196;12;470
4498;196;13;55662/55663/55664/55665/613/55666/143502/553286
4499;196;14;null
4500;196;15;608
4501;196;16;630
4502;196;17;1697
4503;196;18;55667/19595/631/627/90162/631
4504;196;19;636
4505;196;20;608
4506;196;21;547985
4507;196;22;null
4508;196;23;null
4509;197;1;null
4510;197;2;829000
4511;197;3;80/18/53/10753
4512;197;4;0,244863674749406
4513;197;5;10330
4514;197;6;US
4515;197;7;1958-04-23
4516;197;8;2247465
4517;197;9;108
4518;197;10;es/en
4519;197;11;8,1
4520;197;12;21
4521;197;13;10017/7302/40/33747/30719/94889/14518/12422
4522;197;14;null
4523;197;15;40
4524;197;16;13809
4525;197;17;154/8484/12345/13350
4526;197;18;45279/55996
4527;197;19;1938
4528;197;20;55995/40
4529;197;21;null
4530;197;22;null
4531;197;23;null
4532;198;1;10194
4533;198;2;30000000
4534;198;3;16/35/10751
4535;198;4;1,17700074086759
4536;198;5;3/2
4537;198;6;US
4538;198;7;1995-11-21
4539;198;8;361958736
4540;198;9;81
4541;198;10;en
4542;198;11;7,3
4543;198;12;1840
4544;198;13;31/12898/7167/12899/12900/7907/8873/1116442
4545;198;14;null
4546;198;15;7879
4547;198;16;null
4548;198;17;9643/8
4549;198;18;12894/12895/12896/12897
4550;198;19;7885
4551;198;20;12891/7/12892/12893
4552;198;21;7883
4553;198;22;null
4554;198;23;null
4555;199;1;null
4556;199;2;4000000
4557;199;3;80/18
4558;199;4;0,475409214503432
4559;199;5;181/358/359/14
4560;199;6;GB
4561;199;7;1996-02-23
4562;199;8;16635027
4563;199;9;94
4564;199;10;en
4565;199;11;7,2
4566;199;12;305
4567;199;13;3061/1125/9012/18023/9015/9013/3064/2467
4568;199;14;null
4569;199;15;2034
4570;199;16;473
4571;199;17;9001/9009
4572;199;18;2035/9000/9002/2073/9008
4573;199;19;null
4574;199;20;8998/8999
4575;199;21;9003/9004
4576;199;22;null
4577;199;23;null
4578;200;1;131
4579;200;2;0
4580;200;3;18/9648/10749
4581;200;4;0,514153095331196
4582;200;5;38/183/591/1245
4583;200;6;CH/FR/PL
4584;200;7;1994-05-27
4585;200;8;0
4586;200;9;99
4587;200;10;fr/hu
4588;200;11;8
4589;200;12;29
4590;200;13;1350/1352/1356/1354/49025/27983/1145/1137
4591;200;14;null
4592;200;15;1126
4593;200;16;33238
4594;200;17;1136
4595;200;18;1134
4596;200;19;1135/1346
4597;200;20;1126/1132/1126/1132
4598;200;21;null
4599;200;22;null
4600;200;23;null
